-13.8155 0 1.61639e-14 1.61639e-08 -7104.17 0.000984857 0.00492428 1.3788e-20 0.994091 0 0 
-13.8017 2.66861e+20 1.59426e-14 1.57236e-08 -7006.6 0.000998489 0.00499244 1.4571e-20 0.994009 0 0 
-13.7879 5.34218e+20 1.57243e-14 1.52953e-08 -6910.37 0.00101231 0.00506154 1.53985e-20 0.993926 0 0 
-13.774 8.02567e+20 1.55089e-14 1.48787e-08 -6815.47 0.00102632 0.00513159 1.62729e-20 0.993842 0 0 
-13.7602 1.0724e+21 1.52966e-14 1.44734e-08 -6721.86 0.00104052 0.00520261 1.71969e-20 0.993757 0 0 
-13.7464 1.34422e+21 1.50872e-14 1.40792e-08 -6629.54 0.00105492 0.0052746 1.81735e-20 0.99367 0 0 
-13.7325 1.61852e+21 1.48806e-14 1.36957e-08 -6538.49 0.00106952 0.00534758 1.92054e-20 0.993583 0 0 
-13.7187 1.89579e+21 1.46769e-14 1.33227e-08 -6448.69 0.00108431 0.00542156 2.02959e-20 0.993494 0 0 
-13.7049 2.17653e+21 1.4476e-14 1.29598e-08 -6360.13 0.00109931 0.00549656 2.14483e-20 0.993404 0 0 
-13.691 2.46124e+21 1.42778e-14 1.26069e-08 -6272.78 0.00111452 0.00557259 2.26661e-20 0.993313 0 0 
-13.6772 2.75041e+21 1.40824e-14 1.22635e-08 -6186.63 0.00112993 0.00564966 2.3953e-20 0.99322 0 0 
-13.6634 3.04447e+21 1.38896e-14 1.19296e-08 -6101.66 0.00114556 0.0057278 2.5313e-20 0.993127 0 0 
-13.6496 3.34347e+21 1.36995e-14 1.16047e-08 -6017.86 0.0011614 0.005807 2.67502e-20 0.993032 0 0 
-13.6357 3.64737e+21 1.3512e-14 1.12887e-08 -5935.21 0.00117746 0.0058873 2.82689e-20 0.992935 0 0 
-13.6219 3.95609e+21 1.33271e-14 1.09812e-08 -5853.7 0.00119374 0.00596869 2.98737e-20 0.992838 0 0 
-13.6081 4.26959e+21 1.31447e-14 1.06822e-08 -5773.3 0.00121024 0.00605121 3.15697e-20 0.992739 0 0 
-13.5942 4.5878e+21 1.29648e-14 1.03913e-08 -5694.01 0.00122697 0.00613485 3.33619e-20 0.992638 0 0 
-13.5804 4.91066e+21 1.27874e-14 1.01084e-08 -5615.81 0.00124393 0.00621964 3.52557e-20 0.992536 0 0 
-13.5666 5.23811e+21 1.26125e-14 9.83314e-09 -5538.68 0.00126112 0.0063056 3.72571e-20 0.992433 0 0 
-13.5528 5.5701e+21 1.24399e-14 9.5654e-09 -5462.62 0.00127855 0.00639273 3.9372e-20 0.992329 0 0 
-13.5389 5.90657e+21 1.22697e-14 9.30495e-09 -5387.59 0.00129621 0.00648106 4.16068e-20 0.992223 0 0 
-13.5251 6.24746e+21 1.21019e-14 9.05161e-09 -5313.6 0.00131412 0.0065706 4.39685e-20 0.992115 0 0 
-13.5113 6.59285e+21 1.19363e-14 8.80517e-09 -5240.62 0.00133227 0.00666137 4.64641e-20 0.992006 0 0 
-13.4974 6.94282e+21 1.1773e-14 8.56544e-09 -5168.65 0.00135068 0.00675338 4.91014e-20 0.991896 0 0 
-13.4836 7.29748e+21 1.1612e-14 8.33225e-09 -5097.66 0.00136933 0.00684665 5.18882e-20 0.991784 0 0 
-13.4698 7.65693e+21 1.14532e-14 8.10541e-09 -5027.65 0.00138824 0.0069412 5.48331e-20 0.991671 0 0 
-13.4559 8.02126e+21 1.12965e-14 7.88476e-09 -4958.6 0.00140741 0.00703704 5.79451e-20 0.991556 0 0 
-13.4421 8.39059e+21 1.1142e-14 7.67011e-09 -4890.5 0.00142684 0.0071342 6.12336e-20 0.991439 0 0 
-13.4283 8.76501e+21 1.09896e-14 7.46132e-09 -4823.34 0.00144654 0.00723268 6.47086e-20 0.991321 0 0 
-13.4145 9.14462e+21 1.08394e-14 7.25822e-09 -4757.09 0.0014665 0.00733251 6.83807e-20 0.991201 0 0 
-13.4006 9.52952e+21 1.06912e-14 7.06065e-09 -4691.76 0.00148674 0.00743371 7.2261e-20 0.99108 0 0 
-13.3868 9.9198e+21 1.0545e-14 6.86846e-09 -4627.32 0.00150726 0.00753629 7.63615e-20 0.990956 0 0 
-13.373 1.03156e+22 1.04008e-14 6.68151e-09 -4563.77 0.00152805 0.00764027 8.06944e-20 0.990832 0 0 
-13.3591 1.07169e+22 1.02586e-14 6.49966e-09 -4501.09 0.00154914 0.00774568 8.52731e-20 0.990705 0 0 
-13.3453 1.11238e+22 1.01184e-14 6.32276e-09 -4439.28 0.00157051 0.00785253 9.01115e-20 0.990577 0 0 
-13.3315 1.15363e+22 9.98006e-15 6.15068e-09 -4378.31 0.00159217 0.00796083 9.52241e-20 0.990447 0 0 
-13.3177 1.19547e+22 9.84365e-15 5.98329e-09 -4318.18 0.00161412 0.00807061 1.00627e-19 0.990315 0 0 
-13.3038 1.23788e+22 9.70911e-15 5.82046e-09 -4258.87 0.00163638 0.0081819 1.06336e-19 0.990182 0 0 
-13.29 1.28089e+22 9.57642e-15 5.66206e-09 -4200.38 0.00165894 0.0082947 1.12368e-19 0.990046 0 0 
-13.2762 1.32449e+22 9.44555e-15 5.50799e-09 -4142.69 0.00168181 0.00840904 1.18743e-19 0.989909 0 0 
-13.2623 1.36869e+22 9.31648e-15 5.35811e-09 -4085.8 0.00170499 0.00852494 1.25479e-19 0.98977 0 0 
-13.2485 1.41351e+22 9.18918e-15 5.21231e-09 -4029.69 0.00172848 0.00864242 1.32597e-19 0.989629 0 0 
-13.2347 1.45894e+22 9.06362e-15 5.07049e-09 -3974.34 0.0017523 0.00876151 1.40118e-19 0.989486 0 0 
-13.2208 1.505e+22 8.9398e-15 4.93253e-09 -3919.76 0.00177644 0.00888222 1.48066e-19 0.989341 0 0 
-13.207 1.55169e+22 8.81767e-15 4.79833e-09 -3865.93 0.00180091 0.00900457 1.56464e-19 0.989195 0 0 
-13.1932 1.59904e+22 8.69722e-15 4.66778e-09 -3812.83 0.00182572 0.00912859 1.65338e-19 0.989046 0 0 
-13.1794 1.64703e+22 8.57843e-15 4.54079e-09 -3760.47 0.00185086 0.00925429 1.74715e-19 0.988895 0 0 
-13.1655 1.6957e+22 8.46126e-15 4.41726e-09 -3708.82 0.00187634 0.00938171 1.84624e-19 0.988742 0 0 
-13.1517 1.74503e+22 8.34571e-15 4.2971e-09 -3657.89 0.00190217 0.00951087 1.95094e-19 0.988587 0 0 
-13.1379 1.79505e+22 8.23174e-15 4.1802e-09 -3607.65 0.00192836 0.00964178 2.06157e-19 0.98843 0 0 
-13.124 1.84576e+22 8.11934e-15 4.0665e-09 -3558.11 0.00195489 0.00977447 2.17847e-19 0.988271 0 0 
-13.1102 1.89718e+22 8.00848e-15 3.95589e-09 -3509.24 0.00198179 0.00990896 2.302e-19 0.988109 0 0 
-13.0964 1.9493e+22 7.89915e-15 3.84829e-09 -3461.04 0.00200906 0.0100453 2.43252e-19 0.987946 0 0 
-13.0826 2.00215e+22 7.79131e-15 3.74362e-09 -3413.51 0.00203669 0.0101835 2.57045e-19 0.98778 0 0 
-13.0687 2.05573e+22 7.68496e-15 3.64181e-09 -3366.63 0.0020647 0.0103235 2.71618e-19 0.987612 0 0 
-13.0549 2.11005e+22 7.58007e-15 3.54277e-09 -3320.4 0.00209309 0.0104655 2.87017e-19 0.987441 0 0 
-13.0411 2.16512e+22 7.47661e-15 3.44642e-09 -3274.8 0.00212187 0.0106093 3.03288e-19 0.987269 0 0 
-13.0272 2.22096e+22 7.37458e-15 3.3527e-09 -3229.82 0.00215104 0.0107552 3.20481e-19 0.987094 0 0 
-13.0134 2.27757e+22 7.27395e-15 3.26154e-09 -3185.46 0.0021806 0.010903 3.38648e-19 0.986916 0 0 
-12.9996 2.33496e+22 7.17471e-15 3.17285e-09 -3141.72 0.00221056 0.0110528 3.57844e-19 0.986737 0 0 
-12.9858 2.39314e+22 7.07682e-15 3.08658e-09 -3098.57 0.00224093 0.0112047 3.78127e-19 0.986554 0 0 
-12.9719 2.45213e+22 6.98028e-15 3.00266e-09 -3056.01 0.00227171 0.0113586 3.99558e-19 0.98637 0 0 
-12.9581 2.51194e+22 6.88506e-15 2.92103e-09 -3014.04 0.00230291 0.0115145 4.22203e-19 0.986183 0 0 
-12.9443 2.57257e+22 6.79116e-15 2.84162e-09 -2972.65 0.00233453 0.0116726 4.46131e-19 0.985993 0 0 
-12.9304 2.63404e+22 6.69854e-15 2.76437e-09 -2931.83 0.00236658 0.0118329 4.71413e-19 0.985801 0 0 
-12.9166 2.69635e+22 6.60719e-15 2.68922e-09 -2891.56 0.00239906 0.0119953 4.98127e-19 0.985606 0 0 
-12.9028 2.75954e+22 6.5171e-15 2.61612e-09 -2851.85 0.00243198 0.0121599 5.26352e-19 0.985408 0 0 
-12.8889 2.82359e+22 6.42825e-15 2.54501e-09 -2812.69 0.00246534 0.0123267 5.56176e-19 0.985208 0 0 
-12.8751 2.88853e+22 6.34062e-15 2.47584e-09 -2774.06 0.00249916 0.0124958 5.87688e-19 0.985005 0 0 
-12.8613 2.95437e+22 6.25419e-15 2.40855e-09 -2735.96 0.00253343 0.0126672 6.20984e-19 0.984799 0 0 
-12.8475 3.02112e+22 6.16894e-15 2.3431e-09 -2698.39 0.00256817 0.0128408 6.56164e-19 0.984591 0 0 
-12.8336 3.08879e+22 6.08487e-15 2.27942e-09 -2661.33 0.00260337 0.0130169 6.93335e-19 0.98438 0 0 
-12.8198 3.15739e+22 6.00195e-15 2.21748e-09 -2624.78 0.00263905 0.0131952 7.3261e-19 0.984166 0 0 
-12.806 3.22694e+22 5.92017e-15 2.15723e-09 -2588.73 0.00267521 0.013376 7.74107e-19 0.983949 0 0 
-12.7921 3.29746e+22 5.83952e-15 2.09861e-09 -2553.18 0.00271186 0.0135593 8.17953e-19 0.983729 0 0 
-12.7783 3.36894e+22 5.75997e-15 2.0416e-09 -2518.12 0.002749 0.013745 8.64279e-19 0.983506 0 0 
-12.7645 3.44142e+22 5.68151e-15 1.98613e-09 -2483.54 0.00278664 0.0139332 9.13226e-19 0.98328 0 0 
-12.7507 3.51489e+22 5.60413e-15 1.93217e-09 -2449.43 0.00282479 0.0141239 9.64941e-19 0.983051 0 0 
-12.7368 3.58938e+22 5.52782e-15 1.87969e-09 -2415.79 0.00286345 0.0143172 1.01958e-18 0.982819 0 0 
-12.723 3.6649e+22 5.45255e-15 1.82863e-09 -2382.61 0.00290263 0.0145131 1.07731e-18 0.982584 0 0 
-12.7092 3.74146e+22 5.37832e-15 1.77896e-09 -2349.89 0.00294233 0.0147117 1.13831e-18 0.982346 0 0 
-12.6953 3.81908e+22 5.3051e-15 1.73064e-09 -2317.62 0.00298257 0.0149129 1.20276e-18 0.982105 0 0 
-12.6815 3.89777e+22 5.23289e-15 1.68364e-09 -2285.79 0.00302335 0.0151168 1.27085e-18 0.98186 0 0 
-12.6677 3.97754e+22 5.16167e-15 1.63792e-09 -2254.4 0.00306468 0.0153234 1.34279e-18 0.981612 0 0 
-12.6538 4.05841e+22 5.09144e-15 1.59344e-09 -2223.44 0.00310656 0.0155328 1.4188e-18 0.981361 0 0 
-12.64 4.1404e+22 5.02216e-15 1.55017e-09 -2192.91 0.003149 0.015745 1.49911e-18 0.981106 0 0 
-12.6262 4.22352e+22 4.95384e-15 1.50808e-09 -2162.79 0.00319202 0.0159601 1.58395e-18 0.980848 0 0 
-12.6124 4.30779e+22 4.88645e-15 1.46714e-09 -2133.09 0.0032356 0.016178 1.6736e-18 0.980586 0 0 
-12.5985 4.39322e+22 4.81999e-15 1.42731e-09 -2103.8 0.00327977 0.0163989 1.76831e-18 0.980321 0 0 
-12.5847 4.47983e+22 4.75444e-15 1.38856e-09 -2074.91 0.00332453 0.0166227 1.86837e-18 0.980053 0 0 
-12.5709 4.56763e+22 4.6898e-15 1.35087e-09 -2046.41 0.00336989 0.0168495 1.97409e-18 0.979781 0 0 
-12.557 4.65664e+22 4.62604e-15 1.3142e-09 -2018.31 0.00341586 0.0170793 2.08578e-18 0.979505 0 0 
-12.5432 4.74688e+22 4.56315e-15 1.27853e-09 -1990.6 0.00346244 0.0173122 2.20378e-18 0.979225 0 0 
-12.5294 4.83836e+22 4.50113e-15 1.24384e-09 -1963.26 0.00350964 0.0175482 2.32845e-18 0.978942 0 0 
-12.5156 4.9311e+22 4.43997e-15 1.21008e-09 -1936.3 0.00355747 0.0177873 2.46016e-18 0.978655 0 0 
-12.5017 5.02512e+22 4.37964e-15 1.17725e-09 -1909.71 0.00360594 0.0180297 2.59931e-18 0.978364 0 0 
-12.4879 5.12043e+22 4.32014e-15 1.1453e-09 -1883.48 0.00365505 0.0182752 2.74632e-18 0.97807 0 0 
-12.4741 5.21706e+22 4.26145e-15 1.11423e-09 -1857.62 0.00370482 0.0185241 2.90163e-18 0.977771 0 0 
-12.4602 5.31502e+22 4.20358e-15 1.084e-09 -1832.11 0.00375525 0.0187762 3.06572e-18 0.977469 0 0 
-12.4464 5.41432e+22 4.1465e-15 1.0546e-09 -1806.95 0.00380634 0.0190317 3.23907e-18 0.977162 0 0 
-12.4326 5.515e+22 4.0902e-15 1.02599e-09 -1782.14 0.00385812 0.0192906 3.4222e-18 0.976851 0 0 
-12.4187 5.61706e+22 4.03467e-15 9.98163e-10 -1757.66 0.00391059 0.0195529 3.61568e-18 0.976536 0 0 
-12.4049 5.72052e+22 3.97991e-15 9.71092e-10 -1733.53 0.00396375 0.0198187 3.82008e-18 0.976218 0 0 
-12.3911 5.8254e+22 3.9259e-15 9.44758e-10 -1709.72 0.00401761 0.0200881 4.03601e-18 0.975894 0 0 
-12.3773 5.93173e+22 3.87263e-15 9.19139e-10 -1686.24 0.00407219 0.020361 4.26413e-18 0.975567 0 0 
-12.3634 6.03952e+22 3.82009e-15 8.94217e-10 -1663.09 0.0041275 0.0206375 4.50512e-18 0.975235 0 0 
-12.3496 6.1488e+22 3.76828e-15 8.69973e-10 -1640.25 0.00418353 0.0209177 4.75972e-18 0.974899 0 0 
-12.3358 6.25957e+22 3.71717e-15 8.46389e-10 -1617.73 0.00424031 0.0212015 5.02867e-18 0.974558 0 0 
-12.3219 6.37187e+22 3.66677e-15 8.23445e-10 -1595.51 0.00429783 0.0214892 5.3128e-18 0.974213 0 0 
-12.3081 6.48572e+22 3.61706e-15 8.01126e-10 -1573.6 0.00435612 0.0217806 5.61295e-18 0.973863 0 0 
-12.2943 6.60113e+22 3.56803e-15 7.79413e-10 -1551.99 0.00441517 0.0220759 5.93004e-18 0.973509 0 0 
-12.2805 6.71812e+22 3.51967e-15 7.58291e-10 -1530.68 0.004475 0.022375 6.265e-18 0.97315 0 0 
-12.2666 6.83672e+22 3.47198e-15 7.37743e-10 -1509.66 0.00453562 0.0226781 6.61886e-18 0.972786 0 0 
-12.2528 6.95695e+22 3.42495e-15 7.17753e-10 -1488.93 0.00459704 0.0229852 6.99266e-18 0.972418 0 0 
-12.239 7.07883e+22 3.37856e-15 6.98307e-10 -1468.49 0.00465927 0.0232963 7.38754e-18 0.972044 0 0 
-12.2251 7.20238e+22 3.3328e-15 6.7939e-10 -1448.32 0.00472231 0.0236116 7.80467e-18 0.971666 0 0 
-12.2113 7.32763e+22 3.28768e-15 6.60987e-10 -1428.44 0.00478618 0.0239309 8.24532e-18 0.971283 0 0 
-12.1975 7.4546e+22 3.24317e-15 6.43084e-10 -1408.82 0.00485089 0.0242545 8.7108e-18 0.970895 0 0 
-12.1836 7.58331e+22 3.19928e-15 6.25667e-10 -1389.48 0.00491645 0.0245823 9.2025e-18 0.970501 0 0 
-12.1698 7.71379e+22 3.15599e-15 6.08724e-10 -1370.4 0.00498287 0.0249143 9.72191e-18 0.970103 0 0 
-12.156 7.84605e+22 3.11329e-15 5.92242e-10 -1351.58 0.00505015 0.0252508 1.02706e-17 0.969699 0 0 
-12.1422 7.98014e+22 3.07118e-15 5.76207e-10 -1333.02 0.00511832 0.0255916 1.08501e-17 0.96929 0 0 
-12.1283 8.11605e+22 3.02965e-15 5.60608e-10 -1314.72 0.00518738 0.0259369 1.14624e-17 0.968876 0 0 
-12.1145 8.25383e+22 2.98869e-15 5.45433e-10 -1296.67 0.00525733 0.0262867 1.2109e-17 0.968456 0 0 
-12.1007 8.3935e+22 2.94829e-15 5.30671e-10 -1278.86 0.0053282 0.026641 1.27921e-17 0.968031 0 0 
-12.0868 8.53508e+22 2.90844e-15 5.16309e-10 -1261.3 0.0054 0.027 1.35137e-17 0.9676 0 0 
-12.073 8.6786e+22 2.86914e-15 5.02337e-10 -1243.99 0.00547273 0.0273636 1.42758e-17 0.967164 0 0 
-12.0592 8.82409e+22 2.83039e-15 4.88746e-10 -1226.91 0.0055464 0.027732 1.50809e-17 0.966722 0 0 
-12.0454 8.97157e+22 2.79216e-15 4.75523e-10 -1210.06 0.00562103 0.0281051 1.59313e-17 0.966274 0 0 
-12.0315 9.12107e+22 2.75446e-15 4.62659e-10 -1193.45 0.00569663 0.0284831 1.68295e-17 0.96582 0 0 
-12.0177 9.27262e+22 2.71727e-15 4.50145e-10 -1177.06 0.00577321 0.028866 1.77782e-17 0.965361 0 0 
-12.0039 9.42624e+22 2.6806e-15 4.37971e-10 -1160.9 0.00585078 0.0292539 1.87803e-17 0.964895 0 0 
-11.99 9.58196e+22 2.64443e-15 4.26127e-10 -1144.96 0.00592936 0.0296468 1.98387e-17 0.964424 0 0 
-11.9762 9.7398e+22 2.60876e-15 4.14605e-10 -1129.24 0.00600895 0.0300447 2.09567e-17 0.963946 0 0 
-11.9624 9.89981e+22 2.57357e-15 4.03396e-10 -1113.74 0.00608957 0.0304478 2.21375e-17 0.963463 0 0 
-11.9485 1.0062e+23 2.53887e-15 3.92492e-10 -1098.44 0.00617123 0.0308561 2.33847e-17 0.962973 0 0 
-11.9347 1.02264e+23 2.50465e-15 3.81883e-10 -1083.36 0.00625394 0.0312697 2.4702e-17 0.962476 0 0 
-11.9209 1.03931e+23 2.4709e-15 3.71562e-10 -1068.49 0.00633772 0.0316886 2.60933e-17 0.961974 0 0 
-11.9071 1.0562e+23 2.43761e-15 3.61522e-10 -1053.82 0.00642257 0.0321129 2.75628e-17 0.961465 0 0 
-11.8932 1.07332e+23 2.40477e-15 3.51754e-10 -1039.35 0.00650852 0.0325426 2.91149e-17 0.960949 0 0 
-11.8794 1.09068e+23 2.37239e-15 3.42251e-10 -1025.08 0.00659556 0.0329778 3.07541e-17 0.960427 0 0 
-11.8656 1.10828e+23 2.34045e-15 3.33007e-10 -1011.01 0.00668373 0.0334186 3.24853e-17 0.959898 0 0 
-11.8517 1.12611e+23 2.30895e-15 3.24013e-10 -997.131 0.00677302 0.0338651 3.43138e-17 0.959362 0 0 
-11.8379 1.14419e+23 2.27789e-15 3.15263e-10 -983.442 0.00686345 0.0343173 3.62449e-17 0.958819 0 0 
-11.8241 1.16251e+23 2.24724e-15 3.06751e-10 -969.941 0.00695504 0.0347752 3.82844e-17 0.95827 0 0 
-11.8103 1.18109e+23 2.21702e-15 2.98469e-10 -956.626 0.00704779 0.035239 4.04384e-17 0.957713 0 0 
-11.7964 1.19992e+23 2.18722e-15 2.90413e-10 -943.493 0.00714173 0.0357087 4.27132e-17 0.95715 0 0 
-11.7826 1.219e+23 2.15782e-15 2.82574e-10 -930.541 0.00723687 0.0361843 4.51157e-17 0.956579 0 0 
-11.7688 1.23834e+23 2.12883e-15 2.74949e-10 -917.767 0.00733321 0.036666 4.76528e-17 0.956001 0 0 
-11.7549 1.25795e+23 2.10024e-15 2.6753e-10 -905.169 0.00743077 0.0371539 5.03323e-17 0.955415 0 0 
-11.7411 1.27783e+23 2.07203e-15 2.60313e-10 -892.743 0.00752958 0.0376479 5.3162e-17 0.954823 0 0 
-11.7273 1.29797e+23 2.04422e-15 2.53291e-10 -880.489 0.00762963 0.0381481 5.61503e-17 0.954222 0 0 
-11.7135 1.31839e+23 2.01679e-15 2.4646e-10 -868.403 0.00773095 0.0386547 5.93061e-17 0.953614 0 0 
-11.6996 1.33909e+23 1.98973e-15 2.39814e-10 -856.482 0.00783354 0.0391677 6.26387e-17 0.952999 0 0 
-11.6858 1.36006e+23 1.96304e-15 2.33349e-10 -844.726 0.00793743 0.0396872 6.61581e-17 0.952375 0 0 
-11.672 1.38133e+23 1.93673e-15 2.27058e-10 -833.131 0.00804263 0.0402131 6.98745e-17 0.951744 0 0 
-11.6581 1.40288e+23 1.91077e-15 2.20938e-10 -821.696 0.00814915 0.0407458 7.37991e-17 0.951105 0 0 
-11.6443 1.42472e+23 1.88517e-15 2.14984e-10 -810.417 0.00825701 0.041285 7.79434e-17 0.950458 0 0 
-11.6305 1.44687e+23 1.85992e-15 2.09192e-10 -799.294 0.00836622 0.0418311 8.23198e-17 0.949803 0 0 
-11.6166 1.46931e+23 1.83501e-15 2.03556e-10 -788.324 0.0084768 0.042384 8.6941e-17 0.949139 0 0 
-11.6028 1.49205e+23 1.81045e-15 1.98073e-10 -777.504 0.00858876 0.0429438 9.18208e-17 0.948467 0 0 
-11.589 1.51511e+23 1.78623e-15 1.92739e-10 -766.833 0.00870211 0.0435106 9.69736e-17 0.947787 0 0 
-11.5752 1.53848e+23 1.76233e-15 1.87549e-10 -756.308 0.00881688 0.0440844 1.02415e-16 0.947099 0 0 
-11.5613 1.56216e+23 1.73877e-15 1.825e-10 -745.929 0.00893308 0.0446654 1.0816e-16 0.946402 0 0 
-11.5475 1.58617e+23 1.71553e-15 1.77588e-10 -735.692 0.00905072 0.0452536 1.14226e-16 0.945696 0 0 
-11.5337 1.6105e+23 1.69261e-15 1.72809e-10 -725.595 0.00916982 0.0458491 1.20632e-16 0.944981 0 0 
-11.5198 1.63516e+23 1.67e-15 1.68159e-10 -715.638 0.0092904 0.046452 1.27395e-16 0.944258 0 0 
-11.506 1.66015e+23 1.6477e-15 1.63635e-10 -705.817 0.00941247 0.0470623 1.34537e-16 0.943525 0 0 
-11.4922 1.68548e+23 1.62571e-15 1.59234e-10 -696.131 0.00953604 0.0476802 1.42077e-16 0.942784 0 0 
-11.4784 1.71116e+23 1.60402e-15 1.54952e-10 -686.578 0.00966113 0.0483057 1.50038e-16 0.942033 0 0 
-11.4645 1.73718e+23 1.58263e-15 1.50785e-10 -677.157 0.00978777 0.0489388 1.58444e-16 0.941273 0 0 
-11.4507 1.76355e+23 1.56153e-15 1.46732e-10 -667.865 0.00991596 0.0495798 1.67318e-16 0.940504 0 0 
-11.4369 1.79028e+23 1.54073e-15 1.42788e-10 -658.701 0.0100457 0.0502286 1.76688e-16 0.939726 0 0 
-11.423 1.81737e+23 1.5202e-15 1.38951e-10 -649.663 0.0101771 0.0508853 1.86581e-16 0.938938 0 0 
-11.4092 1.84483e+23 1.49996e-15 1.35218e-10 -640.749 0.01031 0.0515501 1.97026e-16 0.93814 0 0 
-11.3954 1.87265e+23 1.48e-15 1.31586e-10 -631.957 0.0104446 0.052223 2.08052e-16 0.937332 0 0 
-11.3815 1.90085e+23 1.46031e-15 1.28052e-10 -623.287 0.0105808 0.052904 2.19694e-16 0.936515 0 0 
-11.3677 1.92943e+23 1.44089e-15 1.24614e-10 -614.736 0.0107187 0.0535934 2.31984e-16 0.935688 0 0 
-11.3539 1.9584e+23 1.42174e-15 1.21269e-10 -606.302 0.0108582 0.0542911 2.44959e-16 0.934851 0 0 
-11.3401 1.98776e+23 1.40285e-15 1.18014e-10 -597.984 0.0109994 0.0549972 2.58657e-16 0.934003 0 0 
-11.3262 2.01751e+23 1.38421e-15 1.14848e-10 -589.78 0.0111424 0.0557118 2.73117e-16 0.933146 0 0 
-11.3124 2.04766e+23 1.36584e-15 1.11767e-10 -581.69 0.011287 0.0564351 2.88382e-16 0.932278 0 0 
-11.2986 2.07822e+23 1.34771e-15 1.08769e-10 -573.71 0.0114334 0.0571671 3.04497e-16 0.9314 0 0 
-11.2847 2.10919e+23 1.32984e-15 1.05852e-10 -565.84 0.0115816 0.0579078 3.21509e-16 0.930511 0 0 
-11.2709 2.14058e+23 1.31221e-15 1.03014e-10 -558.079 0.0117315 0.0586575 3.39466e-16 0.929611 0 0 
-11.2571 2.17238e+23 1.29482e-15 1.00253e-10 -550.424 0.0118832 0.0594161 3.58422e-16 0.928701 0 0 
-11.2433 2.20462e+23 1.27767e-15 9.75669e-11 -542.874 0.0120367 0.0601837 3.78432e-16 0.92778 0 0 
-11.2294 2.23728e+23 1.26076e-15 9.4953e-11 -535.429 0.0121921 0.0609605 3.99554e-16 0.926847 0 0 
-11.2156 2.27039e+23 1.24408e-15 9.24097e-11 -528.085 0.0123493 0.0617465 4.21849e-16 0.925904 0 0 
-11.2018 2.30393e+23 1.22762e-15 8.99352e-11 -520.843 0.0125084 0.0625418 4.45383e-16 0.92495 0 0 
-11.1879 2.33793e+23 1.21139e-15 8.75275e-11 -513.7 0.0126693 0.0633465 4.70223e-16 0.923984 0 0 
-11.1741 2.37239e+23 1.19539e-15 8.51848e-11 -506.656 0.0128321 0.0641607 4.96442e-16 0.923007 0 0 
-11.1603 2.4073e+23 1.1796e-15 8.29054e-11 -499.708 0.0129969 0.0649845 5.24116e-16 0.922019 0 0 
-11.1464 2.44268e+23 1.16403e-15 8.06876e-11 -492.856 0.0131636 0.065818 5.53325e-16 0.921018 0 0 
-11.1326 2.47854e+23 1.14868e-15 7.85296e-11 -486.098 0.0133322 0.0666612 5.84153e-16 0.920007 0 0 
-11.1188 2.51487e+23 1.13353e-15 7.64298e-11 -479.433 0.0135029 0.0675143 6.1669e-16 0.918983 0 0 
-11.105 2.55169e+23 1.1186e-15 7.43868e-11 -472.86 0.0136755 0.0683773 6.51031e-16 0.917947 0 0 
-11.0911 2.589e+23 1.10386e-15 7.23989e-11 -466.377 0.0138501 0.0692503 6.87273e-16 0.9169 0 0 
-11.0773 2.62681e+23 1.08933e-15 7.04646e-11 -459.983 0.0140267 0.0701335 7.25523e-16 0.91584 0 0 
-11.0635 2.66512e+23 1.075e-15 6.85825e-11 -453.677 0.0142054 0.0710269 7.6589e-16 0.914768 0 0 
-11.0496 2.70394e+23 1.06086e-15 6.67512e-11 -447.458 0.0143861 0.0719306 8.08491e-16 0.913683 0 0 
-11.0358 2.74328e+23 1.04692e-15 6.49692e-11 -441.325 0.0145689 0.0728447 8.53449e-16 0.912586 0 0 
-11.022 2.78315e+23 1.03317e-15 6.32353e-11 -435.276 0.0147539 0.0737693 9.00893e-16 0.911477 0 0 
-11.0082 2.82354e+23 1.01961e-15 6.15482e-11 -429.31 0.0149409 0.0747045 9.5096e-16 0.910355 0 0 
-10.9943 2.86447e+23 1.00624e-15 5.99065e-11 -423.426 0.0151301 0.0756503 1.00379e-15 0.90922 0 0 
-10.9805 2.90595e+23 9.93042e-16 5.83091e-11 -417.624 0.0153214 0.076607 1.05955e-15 0.908072 0 0 
-10.9667 2.94797e+23 9.8003e-16 5.67548e-11 -411.901 0.0155149 0.0775744 1.11838e-15 0.906911 0 0 
-10.9528 2.99056e+23 9.67197e-16 5.52423e-11 -406.256 0.0157106 0.0785529 1.18046e-15 0.905737 0 0 
-10.939 3.03371e+23 9.54539e-16 5.37705e-11 -400.69 0.0159085 0.0795423 1.24596e-15 0.904549 0 0 
-10.9252 3.07743e+23 9.42055e-16 5.23385e-11 -395.2 0.0161086 0.0805429 1.31508e-15 0.903348 0 0 
-10.9113 3.12173e+23 9.29741e-16 5.09449e-11 -389.786 0.016311 0.0815548 1.38801e-15 0.902134 0 0 
-10.8975 3.16662e+23 9.17597e-16 4.95889e-11 -384.446 0.0165156 0.0825779 1.46495e-15 0.900907 0 0 
-10.8837 3.2121e+23 9.05619e-16 4.82694e-11 -379.18 0.0167225 0.0836125 1.54614e-15 0.899665 0 0 
-10.8699 3.25818e+23 8.93804e-16 4.69854e-11 -373.986 0.0169317 0.0846585 1.6318e-15 0.89841 0 0 
-10.856 3.30487e+23 8.82152e-16 4.5736e-11 -368.863 0.0171432 0.0857162 1.72217e-15 0.897141 0 0 
-10.8422 3.35218e+23 8.70659e-16 4.45202e-11 -363.812 0.0173571 0.0867855 1.81752e-15 0.895857 0 0 
-10.8284 3.40011e+23 8.59324e-16 4.33371e-11 -358.829 0.0175733 0.0878666 1.91811e-15 0.89456 0 0 
-10.8145 3.44867e+23 8.48144e-16 4.21858e-11 -353.916 0.0177919 0.0889595 2.02423e-15 0.893249 0 0 
-10.8007 3.49788e+23 8.37117e-16 4.10655e-11 -349.07 0.0180129 0.0900645 2.13619e-15 0.891923 0 0 
-10.7869 3.54773e+23 8.26241e-16 3.99753e-11 -344.29 0.0182363 0.0911814 2.25429e-15 0.890582 0 0 
-10.7731 3.59824e+23 8.15514e-16 3.89144e-11 -339.577 0.0184621 0.0923105 2.37888e-15 0.889227 0 0 
-10.7592 3.64941e+23 8.04933e-16 3.7882e-11 -334.928 0.0186904 0.0934518 2.51031e-15 0.887858 0 0 
-10.7454 3.70125e+23 7.94498e-16 3.68773e-11 -330.344 0.0189211 0.0946054 2.64895e-15 0.886474 0 0 
-10.7316 3.75378e+23 7.84205e-16 3.58997e-11 -325.822 0.0191543 0.0957714 2.79519e-15 0.885074 0 0 
-10.7177 3.80699e+23 7.74054e-16 3.49483e-11 -321.363 0.01939 0.0969499 2.94945e-15 0.88366 0 0 
-10.7039 3.8609e+23 7.64041e-16 3.40224e-11 -316.965 0.0196282 0.098141 3.11216e-15 0.882231 0 0 
-10.6901 3.91552e+23 7.54165e-16 3.31214e-11 -312.628 0.0198689 0.0993447 3.28379e-15 0.880786 0 0 
-10.6763 3.97085e+23 7.44424e-16 3.22446e-11 -308.351 0.0201122 0.100561 3.4648e-15 0.879327 0 0 
-10.6624 4.02691e+23 7.34817e-16 3.13913e-11 -304.133 0.0203581 0.101791 3.65572e-15 0.877851 0 0 
-10.6486 4.0837e+23 7.25341e-16 3.05609e-11 -299.972 0.0206065 0.103033 3.85709e-15 0.876361 0 0 
-10.6348 4.14123e+23 7.15995e-16 2.97528e-11 -295.869 0.0208576 0.104288 4.06946e-15 0.874854 0 0 
-10.6209 4.19951e+23 7.06776e-16 2.89664e-11 -291.823 0.0211112 0.105556 4.29343e-15 0.873333 0 0 
-10.6071 4.25855e+23 6.97684e-16 2.8201e-11 -287.832 0.0213675 0.106838 4.52963e-15 0.871795 0 0 
-10.5933 4.31836e+23 6.88715e-16 2.74562e-11 -283.896 0.0216265 0.108132 4.77873e-15 0.870241 0 0 
-10.5794 4.37895e+23 6.7987e-16 2.67313e-11 -280.015 0.0218881 0.10944 5.04141e-15 0.868671 0 0 
-10.5656 4.44033e+23 6.71145e-16 2.60259e-11 -276.187 0.0221524 0.110762 5.31842e-15 0.867086 0 0 
-10.5518 4.5025e+23 6.6254e-16 2.53393e-11 -272.412 0.0224194 0.112097 5.61053e-15 0.865484 0 0 
-10.538 4.56548e+23 6.54052e-16 2.46711e-11 -268.689 0.0226891 0.113445 5.91854e-15 0.863866 0 0 
-10.5241 4.62928e+23 6.45681e-16 2.40208e-11 -265.017 0.0229615 0.114807 6.24333e-15 0.862231 0 0 
-10.5103 4.69391e+23 6.37423e-16 2.3388e-11 -261.396 0.0232367 0.116183 6.58579e-15 0.86058 0 0 
-10.4965 4.75937e+23 6.29279e-16 2.2772e-11 -257.825 0.0235146 0.117573 6.94688e-15 0.858913 0 0 
-10.4826 4.82568e+23 6.21246e-16 2.21726e-11 -254.303 0.0237953 0.118976 7.32759e-15 0.857228 0 0 
-10.4688 4.89285e+23 6.13322e-16 2.15891e-11 -250.829 0.0240788 0.120394 7.72899e-15 0.855527 0 0 
-10.455 4.96088e+23 6.05507e-16 2.10213e-11 -247.404 0.0243651 0.121825 8.15218e-15 0.85381 0 0 
-10.4412 5.02979e+23 5.97798e-16 2.04686e-11 -244.026 0.0246542 0.123271 8.59834e-15 0.852075 0 0 
-10.4273 5.09959e+23 5.90195e-16 1.99308e-11 -240.694 0.0249461 0.12473 9.0687e-15 0.850323 0 0 
-10.4135 5.17028e+23 5.82695e-16 1.94073e-11 -237.409 0.0252409 0.126204 9.56455e-15 0.848555 0 0 
-10.3997 5.24189e+23 5.75298e-16 1.88977e-11 -234.168 0.0255385 0.127692 1.00873e-14 0.846769 0 0 
-10.3858 5.31442e+23 5.68002e-16 1.84018e-11 -230.973 0.025839 0.129195 1.06383e-14 0.844966 0 0 
-10.372 5.38788e+23 5.60805e-16 1.79191e-11 -227.821 0.0261424 0.130712 1.12191e-14 0.843146 0 0 
-10.3582 5.46228e+23 5.53707e-16 1.74493e-11 -224.713 0.0264486 0.132243 1.18314e-14 0.841308 0 0 
-10.3443 5.53764e+23 5.46705e-16 1.69921e-11 -221.648 0.0267578 0.133789 1.24767e-14 0.839453 0 0 
-10.3305 5.61396e+23 5.39799e-16 1.6547e-11 -218.626 0.0270699 0.13535 1.3157e-14 0.83758 0 0 
-10.3167 5.69125e+23 5.32987e-16 1.61138e-11 -215.645 0.0273849 0.136925 1.38739e-14 0.83569 0 0 
-10.3029 5.76953e+23 5.26268e-16 1.56921e-11 -212.705 0.0277029 0.138515 1.46295e-14 0.833783 0 0 
-10.289 5.84881e+23 5.19641e-16 1.52817e-11 -209.806 0.0280238 0.140119 1.54259e-14 0.831857 0 0 
-10.2752 5.9291e+23 5.13104e-16 1.48822e-11 -206.947 0.0283477 0.141738 1.62652e-14 0.829914 0 0 
-10.2614 6.01042e+23 5.06655e-16 1.44934e-11 -204.127 0.0286745 0.143373 1.71496e-14 0.827953 0 0 
-10.2475 6.09277e+23 5.00295e-16 1.41149e-11 -201.346 0.0290043 0.145022 1.80817e-14 0.825974 0 0 
-10.2337 6.17616e+23 4.94022e-16 1.37464e-11 -198.604 0.0293371 0.146686 1.90639e-14 0.823977 0 0 
-10.2199 6.26062e+23 4.87833e-16 1.33878e-11 -195.9 0.0296729 0.148365 2.00989e-14 0.821962 0 0 
-10.2061 6.34614e+23 4.81729e-16 1.30387e-11 -193.233 0.0300117 0.150059 2.11896e-14 0.81993 0 0 
-10.1922 6.43275e+23 4.75709e-16 1.26989e-11 -190.602 0.0303535 0.151768 2.23387e-14 0.817879 0 0 
-10.1784 6.52045e+23 4.6977e-16 1.23682e-11 -188.009 0.0306984 0.153492 2.35495e-14 0.81581 0 0 
-10.1646 6.60926e+23 4.63912e-16 1.20462e-11 -185.451 0.0310462 0.155231 2.48253e-14 0.813723 0 0 
-10.1507 6.69919e+23 4.58133e-16 1.17328e-11 -182.928 0.0313971 0.156986 2.61693e-14 0.811617 0 0 
-10.1369 6.79026e+23 4.52433e-16 1.14277e-11 -180.441 0.031751 0.158755 2.75854e-14 0.809494 0 0 
-10.1231 6.88247e+23 4.46811e-16 1.11306e-11 -177.987 0.032108 0.16054 2.90772e-14 0.807352 0 0 
-10.1092 6.97584e+23 4.41265e-16 1.08415e-11 -175.568 0.032468 0.16234 3.06487e-14 0.805192 0 0 
-10.0954 7.07038e+23 4.35795e-16 1.05601e-11 -173.182 0.0328311 0.164155 3.23043e-14 0.803013 0 0 
-10.0816 7.16611e+23 4.30399e-16 1.02861e-11 -170.83 0.0331972 0.165986 3.40482e-14 0.800817 0 0 
-10.0678 7.26304e+23 4.25076e-16 1.00193e-11 -168.509 0.0335664 0.167832 3.58852e-14 0.798602 0 0 
-10.0539 7.36119e+23 4.19825e-16 9.75966e-12 -166.221 0.0339386 0.169693 3.78202e-14 0.796368 0 0 
-10.0401 7.46056e+23 4.14646e-16 9.50687e-12 -163.965 0.0343139 0.17157 3.98582e-14 0.794116 0 0 
-10.0263 7.56117e+23 4.09537e-16 9.26078e-12 -161.74 0.0346923 0.173462 4.20047e-14 0.791846 0 0 
-10.0124 7.66303e+23 4.04497e-16 9.02119e-12 -159.545 0.0350738 0.175369 4.42655e-14 0.789557 0 0 
-9.99861 7.76616e+23 3.99526e-16 8.78794e-12 -157.381 0.0354583 0.177291 4.66464e-14 0.78725 0 0 
-9.98478 7.87058e+23 3.94622e-16 8.56086e-12 -155.247 0.0358458 0.179229 4.91539e-14 0.784925 0 0 
-9.97095 7.97629e+23 3.89785e-16 8.33979e-12 -153.143 0.0362365 0.181182 5.17944e-14 0.782581 0 0 
-9.95712 8.08331e+23 3.85013e-16 8.12455e-12 -151.068 0.0366302 0.183151 5.4575e-14 0.780219 0 0 
-9.9433 8.19166e+23 3.80306e-16 7.915e-12 -149.021 0.0370269 0.185135 5.75031e-14 0.777838 0 0 
-9.92947 8.30135e+23 3.75662e-16 7.71098e-12 -147.003 0.0374268 0.187134 6.05862e-14 0.775439 0 0 
-9.91564 8.41239e+23 3.71082e-16 7.51235e-12 -145.013 0.0378297 0.189148 6.38325e-14 0.773022 0 0 
-9.90181 8.52481e+23 3.66563e-16 7.31895e-12 -143.05 0.0382356 0.191178 6.72504e-14 0.770586 0 0 
-9.88798 8.6386e+23 3.62106e-16 7.13066e-12 -141.115 0.0386446 0.193223 7.0849e-14 0.768132 0 0 
-9.87415 8.7538e+23 3.57709e-16 6.94732e-12 -139.206 0.0390566 0.195283 7.46376e-14 0.76566 0 0 
-9.86032 8.87041e+23 3.53371e-16 6.76882e-12 -137.324 0.0394717 0.197358 7.86261e-14 0.76317 0 0 
-9.84649 8.98845e+23 3.49092e-16 6.59502e-12 -135.468 0.0398898 0.199449 8.28249e-14 0.760661 0 0 
-9.83266 9.10794e+23 3.44871e-16 6.42579e-12 -133.638 0.0403109 0.201555 8.72449e-14 0.758134 0 0 
-9.81883 9.22889e+23 3.40706e-16 6.26101e-12 -131.834 0.0407351 0.203675 9.18975e-14 0.75559 0 0 
-9.805 9.35132e+23 3.36598e-16 6.10057e-12 -130.054 0.0411622 0.205811 9.67948e-14 0.753027 0 0 
-9.79117 9.47524e+23 3.32546e-16 5.94434e-12 -128.299 0.0415924 0.207962 1.0195e-13 0.750446 0 0 
-9.77734 9.60067e+23 3.28548e-16 5.79222e-12 -126.568 0.0420255 0.210128 1.07375e-13 0.747847 0 0 
-9.76351 9.72763e+23 3.24604e-16 5.6441e-12 -124.862 0.0424617 0.212308 1.13085e-13 0.74523 0 0 
-9.74968 9.85612e+23 3.20713e-16 5.49986e-12 -123.179 0.0429008 0.214504 1.19094e-13 0.742595 0 0 
-9.73586 9.98618e+23 3.16875e-16 5.3594e-12 -121.519 0.0433428 0.216714 1.25418e-13 0.739943 0 0 
-9.72203 1.01178e+24 3.13088e-16 5.22263e-12 -119.883 0.0437878 0.218939 1.32073e-13 0.737273 0 0 
-9.7082 1.0251e+24 3.09353e-16 5.08944e-12 -118.269 0.0442357 0.221179 1.39076e-13 0.734586 0 0 
-9.69437 1.03858e+24 3.05667e-16 4.95974e-12 -116.678 0.0446866 0.223433 1.46445e-13 0.731881 0 0 
-9.68054 1.05223e+24 3.02032e-16 4.83344e-12 -115.109 0.0451403 0.225702 1.54198e-13 0.729158 0 0 
-9.66671 1.06604e+24 2.98445e-16 4.71045e-12 -113.562 0.0455969 0.227985 1.62356e-13 0.726418 0 0 
-9.65288 1.08001e+24 2.94906e-16 4.59067e-12 -112.036 0.0460564 0.230282 1.70939e-13 0.723661 0 0 
-9.63905 1.09416e+24 2.91415e-16 4.47402e-12 -110.532 0.0465188 0.232594 1.79969e-13 0.720887 0 0 
-9.62522 1.10847e+24 2.8797e-16 4.36042e-12 -109.048 0.0469839 0.23492 1.89468e-13 0.718096 0 0 
-9.61139 1.12295e+24 2.84572e-16 4.24978e-12 -107.585 0.0474519 0.23726 1.99462e-13 0.715288 0 0 
-9.59756 1.13761e+24 2.8122e-16 4.14204e-12 -106.143 0.0479227 0.239614 2.09974e-13 0.712464 0 0 
-9.58373 1.15244e+24 2.77912e-16 4.0371e-12 -104.72 0.0483963 0.241981 2.21031e-13 0.709622 0 0 
-9.5699 1.16744e+24 2.74649e-16 3.9349e-12 -103.318 0.0488726 0.244363 2.32662e-13 0.706764 0 0 
-9.55607 1.18263e+24 2.71429e-16 3.83537e-12 -101.934 0.0493516 0.246758 2.44895e-13 0.70389 0 0 
-9.54224 1.19799e+24 2.68253e-16 3.73842e-12 -100.571 0.0498334 0.249167 2.5776e-13 0.701 0 0 
-9.52842 1.21354e+24 2.65119e-16 3.644e-12 -99.2258 0.0503178 0.251589 2.71291e-13 0.698093 0 0 
-9.51459 1.22927e+24 2.62027e-16 3.55204e-12 -97.8997 0.0508049 0.254025 2.85521e-13 0.69517 0 0 
-9.50076 1.24519e+24 2.58976e-16 3.46247e-12 -96.5921 0.0512947 0.256473 3.00484e-13 0.692232 0 0 
-9.48693 1.26129e+24 2.55966e-16 3.37522e-12 -95.3028 0.051787 0.258935 3.1622e-13 0.689278 0 0 
-9.4731 1.27758e+24 2.52996e-16 3.29024e-12 -94.0314 0.052282 0.26141 3.32765e-13 0.686308 0 0 
-9.45927 1.29406e+24 2.50066e-16 3.20747e-12 -92.7778 0.0527795 0.263897 3.50162e-13 0.683323 0 0 
-9.44544 1.31074e+24 2.47174e-16 3.12684e-12 -91.5417 0.0532795 0.266397 3.68453e-13 0.680323 0 0 
-9.43161 1.32761e+24 2.44322e-16 3.0483e-12 -90.3228 0.053782 0.26891 3.87683e-13 0.677308 0 0 
-9.41778 1.34468e+24 2.41507e-16 2.9718e-12 -89.1209 0.054287 0.271435 4.079e-13 0.674278 0 0 
-9.40395 1.36195e+24 2.3873e-16 2.89728e-12 -87.9358 0.0547944 0.273972 4.29153e-13 0.671233 0 0 
-9.39012 1.37941e+24 2.35989e-16 2.82469e-12 -86.7673 0.0553043 0.276521 4.51494e-13 0.668174 0 0 
-9.37629 1.39708e+24 2.33285e-16 2.75397e-12 -85.6151 0.0558165 0.279082 4.74979e-13 0.665101 0 0 
-9.36246 1.41496e+24 2.30617e-16 2.68508e-12 -84.479 0.056331 0.281655 4.99664e-13 0.662014 0 0 
-9.34863 1.43304e+24 2.27984e-16 2.61797e-12 -83.3588 0.0568479 0.28424 5.25609e-13 0.658912 0 0 
-9.3348 1.45133e+24 2.25387e-16 2.5526e-12 -82.2542 0.0573671 0.286835 5.52877e-13 0.655798 0 0 
-9.32098 1.46983e+24 2.22823e-16 2.48891e-12 -81.165 0.0578885 0.289442 5.81535e-13 0.652669 0 0 
-9.30715 1.48854e+24 2.20294e-16 2.42686e-12 -80.0911 0.0584121 0.29206 6.11652e-13 0.649528 0 0 
-9.29332 1.50747e+24 2.17798e-16 2.36641e-12 -79.0322 0.0589378 0.294689 6.43301e-13 0.646373 0 0 
-9.27949 1.52661e+24 2.15335e-16 2.30751e-12 -77.9881 0.0594657 0.297329 6.76557e-13 0.643206 0 0 
-9.26566 1.54598e+24 2.12904e-16 2.25013e-12 -76.9587 0.0599957 0.299979 7.11502e-13 0.640026 0 0 
-9.25183 1.56556e+24 2.10506e-16 2.19423e-12 -75.9436 0.0605278 0.302639 7.48219e-13 0.636833 0 0 
-9.238 1.58537e+24 2.08139e-16 2.13976e-12 -74.9427 0.0610618 0.305309 7.86796e-13 0.633629 0 0 
-9.22417 1.6054e+24 2.05803e-16 2.08669e-12 -73.9559 0.0615979 0.307989 8.27324e-13 0.630413 0 0 
-9.21034 1.62566e+24 2.03499e-16 2.03499e-12 -72.9828 0.0621359 0.310679 8.69902e-13 0.627185 0 0 
-9.19651 1.64615e+24 2.01224e-16 1.9846e-12 -72.0234 0.0626758 0.313379 9.1463e-13 0.623945 0 0 
-9.18268 1.66687e+24 1.98979e-16 1.93551e-12 -71.0774 0.0632175 0.316087 9.61615e-13 0.620695 0 0 
-9.16885 1.68782e+24 1.96764e-16 1.88768e-12 -70.1447 0.063761 0.318805 1.01097e-12 0.617434 0 0 
-9.15502 1.70901e+24 1.94578e-16 1.84107e-12 -69.225 0.0643063 0.321532 1.06281e-12 0.614162 0 0 
-9.14119 1.73044e+24 1.9242e-16 1.79565e-12 -68.3183 0.0648534 0.324267 1.11725e-12 0.61088 0 0 
-9.12736 1.7521e+24 1.90291e-16 1.75139e-12 -67.4242 0.0654021 0.327011 1.17443e-12 0.607587 0 0 
-9.11353 1.77401e+24 1.8819e-16 1.70826e-12 -66.5427 0.0659525 0.329762 1.23448e-12 0.604285 0 0 
-9.09971 1.79616e+24 1.86116e-16 1.66623e-12 -65.6735 0.0665044 0.332522 1.29755e-12 0.600974 0 0 
-9.08588 1.81856e+24 1.84069e-16 1.62527e-12 -64.8165 0.0670579 0.335289 1.36377e-12 0.597653 0 0 
-9.07205 1.84121e+24 1.82049e-16 1.58536e-12 -63.9715 0.0676129 0.338064 1.4333e-12 0.594323 0 0 
-9.05822 1.86411e+24 1.80055e-16 1.54646e-12 -63.1384 0.0681693 0.340847 1.50631e-12 0.590984 0 0 
-9.04439 1.88726e+24 1.78087e-16 1.50855e-12 -62.3169 0.0687271 0.343636 1.58297e-12 0.587637 0 0 
-9.03056 1.91067e+24 1.76145e-16 1.47161e-12 -61.507 0.0692863 0.346432 1.66345e-12 0.584282 0 0 
-9.01673 1.93434e+24 1.74228e-16 1.4356e-12 -60.7085 0.0698468 0.349234 1.74794e-12 0.580919 0 0 
-9.0029 1.95827e+24 1.72335e-16 1.4005e-12 -59.9211 0.0704086 0.352043 1.83664e-12 0.577549 0 0 
-8.98907 1.98245e+24 1.70468e-16 1.3663e-12 -59.1448 0.0709715 0.354858 1.92975e-12 0.574171 0 0 
-8.97524 2.00691e+24 1.68624e-16 1.33296e-12 -58.3794 0.0715356 0.357678 2.02748e-12 0.570786 0 0 
-8.96141 2.03163e+24 1.66805e-16 1.30047e-12 -57.6248 0.0721009 0.360504 2.13006e-12 0.567395 0 0 
-8.94758 2.05662e+24 1.65009e-16 1.2688e-12 -56.8807 0.0726671 0.363336 2.23773e-12 0.563997 0 0 
-8.93375 2.08188e+24 1.63236e-16 1.23793e-12 -56.1471 0.0732344 0.366172 2.35073e-12 0.560594 0 0 
-8.91992 2.10742e+24 1.61485e-16 1.20783e-12 -55.4238 0.0738026 0.369013 2.46932e-12 0.557184 0 0 
-8.90609 2.13323e+24 1.59758e-16 1.1785e-12 -54.7106 0.0743718 0.371859 2.59378e-12 0.553769 0 0 
-8.89227 2.15932e+24 1.58053e-16 1.14991e-12 -54.0075 0.0749417 0.374709 2.72437e-12 0.55035 0 0 
-8.87844 2.18569e+24 1.56369e-16 1.12204e-12 -53.3142 0.0755125 0.377562 2.8614e-12 0.546925 0 0 
-8.86461 2.21235e+24 1.54707e-16 1.09487e-12 -52.6307 0.076084 0.38042 3.00519e-12 0.543496 0 0 
-8.85078 2.23929e+24 1.53067e-16 1.06838e-12 -51.9567 0.0766562 0.383281 3.15605e-12 0.540063 0 0 
-8.83695 2.26652e+24 1.51447e-16 1.04255e-12 -51.2922 0.077229 0.386145 3.31433e-12 0.536626 0 0 
-8.82312 2.29404e+24 1.49848e-16 1.01738e-12 -50.6371 0.0778024 0.389012 3.48037e-12 0.533185 0 0 
-8.80929 2.32186e+24 1.4827e-16 9.92839e-13 -49.9912 0.0783764 0.391882 3.65457e-12 0.529742 0 0 
-8.79546 2.34997e+24 1.46711e-16 9.68911e-13 -49.3543 0.0789508 0.394754 3.83729e-12 0.526295 0 0 
-8.78163 2.37838e+24 1.45173e-16 9.45583e-13 -48.7264 0.0795256 0.397628 4.02897e-12 0.522846 0 0 
-8.7678 2.40709e+24 1.43654e-16 9.22839e-13 -48.1073 0.0801008 0.400504 4.23001e-12 0.519395 0 0 
-8.75397 2.4361e+24 1.42154e-16 9.00663e-13 -47.4969 0.0806763 0.403382 4.44088e-12 0.515942 0 0 
-8.74014 2.46542e+24 1.40674e-16 8.79041e-13 -46.8951 0.0812521 0.40626 4.66203e-12 0.512488 0 0 
-8.72631 2.49504e+24 1.39212e-16 8.57958e-13 -46.3017 0.081828 0.40914 4.89396e-12 0.509032 0 0 
-8.71248 2.52498e+24 1.37768e-16 8.37401e-13 -45.7167 0.0824041 0.412021 5.13719e-12 0.505575 0 0 
-8.69865 2.55523e+24 1.36343e-16 8.17357e-13 -45.1399 0.0829803 0.414902 5.39225e-12 0.502118 0 0 
-8.68483 2.5858e+24 1.34936e-16 7.97811e-13 -44.5712 0.0835565 0.417783 5.6597e-12 0.498661 0 0 
-8.671 2.61668e+24 1.33547e-16 7.78751e-13 -44.0104 0.0841327 0.420664 5.94013e-12 0.495204 0 0 
-8.65717 2.64789e+24 1.32175e-16 7.60165e-13 -43.4576 0.0847088 0.423544 6.23415e-12 0.491747 0 0 
-8.64334 2.67942e+24 1.3082e-16 7.4204e-13 -42.9125 0.0852848 0.426424 6.54242e-12 0.488291 0 0 
-8.62951 2.71127e+24 1.29482e-16 7.24364e-13 -42.3751 0.0858606 0.429303 6.86561e-12 0.484836 0 0 
-8.61568 2.74346e+24 1.28161e-16 7.07127e-13 -41.8452 0.0864362 0.432181 7.20441e-12 0.481383 0 0 
-8.60185 2.77597e+24 1.26856e-16 6.90316e-13 -41.3227 0.0870115 0.435057 7.55957e-12 0.477931 0 0 
-8.58802 2.80882e+24 1.25568e-16 6.73921e-13 -40.8076 0.0875864 0.437932 7.93187e-12 0.474482 0 0 
-8.57419 2.84201e+24 1.24296e-16 6.57931e-13 -40.2997 0.0881609 0.440804 8.3221e-12 0.471035 0 0 
-8.56036 2.87553e+24 1.23039e-16 6.42335e-13 -39.7989 0.0887349 0.443675 8.73111e-12 0.46759 0 0 
-8.54653 2.9094e+24 1.21799e-16 6.27124e-13 -39.3052 0.0893085 0.446542 9.15979e-12 0.464149 0 0 
-8.5327 2.94361e+24 1.20573e-16 6.12288e-13 -38.8184 0.0898814 0.449407 9.60906e-12 0.460711 0 0 
-8.51887 2.97817e+24 1.19363e-16 5.97818e-13 -38.3384 0.0904538 0.452269 1.00799e-11 0.457277 0 0 
-8.50504 3.01308e+24 1.18167e-16 5.83703e-13 -37.8651 0.0910255 0.455127 1.05733e-11 0.453847 0 0 
-8.49121 3.04834e+24 1.16987e-16 5.69934e-13 -37.3985 0.0915964 0.457982 1.10903e-11 0.450422 0 0 
-8.47739 3.08396e+24 1.15821e-16 5.56504e-13 -36.9384 0.0921666 0.460833 1.16321e-11 0.447001 0 0 
-8.46356 3.11994e+24 1.14669e-16 5.43403e-13 -36.4847 0.0927359 0.463679 1.21997e-11 0.443585 0 0 
-8.44973 3.15627e+24 1.13532e-16 5.30623e-13 -36.0374 0.0933043 0.466522 1.27944e-11 0.440174 0 0 
-8.4359 3.19297e+24 1.12408e-16 5.18156e-13 -35.5964 0.0938718 0.469359 1.34175e-11 0.436769 0 0 
-8.42207 3.23004e+24 1.11298e-16 5.05993e-13 -35.1616 0.0944383 0.472192 1.40703e-11 0.43337 0 0 
-8.40824 3.26748e+24 1.10202e-16 4.94128e-13 -34.7328 0.0950038 0.475019 1.47541e-11 0.429977 0 0 
-8.39441 3.30528e+24 1.09119e-16 4.82552e-13 -34.31 0.0955681 0.477841 1.54705e-11 0.426591 0 0 
-8.38058 3.34347e+24 1.08049e-16 4.71259e-13 -33.8931 0.0961314 0.480657 1.62209e-11 0.423212 0 0 
-8.36675 3.38203e+24 1.06992e-16 4.6024e-13 -33.4821 0.0966934 0.483467 1.70069e-11 0.41984 0 0 
-8.35292 3.42097e+24 1.05948e-16 4.4949e-13 -33.0768 0.0972542 0.486271 1.78301e-11 0.416475 0 0 
-8.33909 3.46029e+24 1.04916e-16 4.39001e-13 -32.6772 0.0978137 0.489068 1.86923e-11 0.413118 0 0 
-8.32526 3.5e+24 1.03897e-16 4.28766e-13 -32.2831 0.0983718 0.491859 1.95953e-11 0.409769 0 0 
-8.31143 3.5401e+24 1.02891e-16 4.1878e-13 -31.8946 0.0989286 0.494643 2.0541e-11 0.406429 0 0 
-8.2976 3.58059e+24 1.01896e-16 4.09036e-13 -31.5114 0.0994839 0.497419 2.15313e-11 0.403097 0 0 
-8.28377 3.62148e+24 1.00914e-16 3.99528e-13 -31.1336 0.100038 0.500188 2.25683e-11 0.399774 0 0 
-8.26995 3.66276e+24 9.99427e-17 3.9025e-13 -30.7611 0.10059 0.50295 2.36542e-11 0.39646 0 0 
-8.25612 3.70444e+24 9.89834e-17 3.81196e-13 -30.3938 0.101141 0.505704 2.47912e-11 0.393156 0 0 
-8.24229 3.74653e+24 9.80356e-17 3.7236e-13 -30.0315 0.10169 0.508449 2.59816e-11 0.389861 0 0 
-8.22846 3.78902e+24 9.7099e-17 3.63738e-13 -29.6743 0.102237 0.511186 2.7228e-11 0.386577 0 0 
-8.21463 3.83193e+24 9.61736e-17 3.55323e-13 -29.3221 0.102783 0.513915 2.85329e-11 0.383302 0 0 
-8.2008 3.87524e+24 9.52591e-17 3.47111e-13 -28.9748 0.103327 0.516634 2.9899e-11 0.380039 0 0 
-8.18697 3.91897e+24 9.43555e-17 3.39096e-13 -28.6323 0.103869 0.519345 3.13291e-11 0.376786 0 0 
-8.17314 3.96312e+24 9.34626e-17 3.31274e-13 -28.2945 0.104409 0.522047 3.28261e-11 0.373544 0 0 
-8.15931 4.00769e+24 9.25801e-17 3.23639e-13 -27.9615 0.104948 0.524739 3.4393e-11 0.370314 0 0 
-8.14548 4.05269e+24 9.17081e-17 3.16188e-13 -27.633 0.105484 0.527421 3.60332e-11 0.367095 0 0 
-8.13165 4.09811e+24 9.08462e-17 3.08915e-13 -27.3091 0.106019 0.530094 3.77499e-11 0.363888 0 0 
-8.11782 4.14396e+24 8.99945e-17 3.01815e-13 -26.9897 0.106551 0.532756 3.95467e-11 0.360693 0 0 
-8.10399 4.19025e+24 8.91527e-17 2.94886e-13 -26.6747 0.107082 0.535409 4.14271e-11 0.35751 0 0 
-8.09016 4.23697e+24 8.83208e-17 2.88122e-13 -26.3641 0.10761 0.53805 4.33951e-11 0.35434 0 0 
-8.07633 4.28413e+24 8.74985e-17 2.81519e-13 -26.0577 0.108136 0.540682 4.54545e-11 0.351182 0 0 
-8.06251 4.33174e+24 8.66857e-17 2.75074e-13 -25.7556 0.10866 0.543302 4.76096e-11 0.348037 0 0 
-8.04868 4.37979e+24 8.58824e-17 2.68782e-13 -25.4577 0.109182 0.545912 4.98648e-11 0.344906 0 0 
-8.03485 4.42829e+24 8.50883e-17 2.62639e-13 -25.1638 0.109702 0.54851 5.22245e-11 0.341788 0 0 
-8.02102 4.47724e+24 8.43034e-17 2.56643e-13 -24.874 0.110219 0.551097 5.46935e-11 0.338684 0 0 
-8.00719 4.52665e+24 8.35276e-17 2.50788e-13 -24.5882 0.110734 0.553672 5.72767e-11 0.335593 0 0 
-7.99336 4.57651e+24 8.27606e-17 2.45073e-13 -24.3063 0.111247 0.556236 5.99795e-11 0.332517 0 0 
-7.97953 4.62684e+24 8.20024e-17 2.39493e-13 -24.0283 0.111758 0.558788 6.28071e-11 0.329455 0 0 
-7.9657 4.67763e+24 8.12529e-17 2.34044e-13 -23.7541 0.112266 0.561328 6.57652e-11 0.326407 0 0 
-7.95187 4.72889e+24 8.05119e-17 2.28725e-13 -23.4836 0.112771 0.563855 6.88598e-11 0.323373 0 0 
-7.93804 4.78062e+24 7.97794e-17 2.23531e-13 -23.2169 0.113274 0.566371 7.20969e-11 0.320355 0 0 
-7.92421 4.83283e+24 7.90552e-17 2.1846e-13 -22.9538 0.113775 0.568874 7.54831e-11 0.317351 0 0 
-7.91038 4.88551e+24 7.83391e-17 2.13508e-13 -22.6943 0.114273 0.571364 7.9025e-11 0.314363 0 0 
-7.89655 4.93867e+24 7.76312e-17 2.08673e-13 -22.4383 0.114768 0.573842 8.27298e-11 0.31139 0 0 
-7.88272 4.99232e+24 7.69312e-17 2.03951e-13 -22.1859 0.115261 0.576306 8.66046e-11 0.308432 0 0 
-7.86889 5.04646e+24 7.62391e-17 1.9934e-13 -21.9368 0.115752 0.578758 9.06573e-11 0.30549 0 0 
-7.85507 5.10108e+24 7.55547e-17 1.94838e-13 -21.6912 0.116239 0.581197 9.48958e-11 0.302564 0 0 
-7.84124 5.1562e+24 7.4878e-17 1.90441e-13 -21.4489 0.116724 0.583622 9.93284e-11 0.299654 0 0 
-7.82741 5.21182e+24 7.42089e-17 1.86147e-13 -21.2099 0.117207 0.586034 1.03964e-10 0.29676 0 0 
-7.81358 5.26794e+24 7.35472e-17 1.81953e-13 -20.9741 0.117686 0.588432 1.08811e-10 0.293882 0 0 
-7.79975 5.32457e+24 7.28928e-17 1.77858e-13 -20.7415 0.118163 0.590817 1.1388e-10 0.29102 0 0 
-7.78592 5.3817e+24 7.22457e-17 1.73858e-13 -20.5121 0.118637 0.593187 1.19181e-10 0.288175 0 0 
-7.77209 5.43934e+24 7.16058e-17 1.69951e-13 -20.2857 0.119109 0.595545 1.24723e-10 0.285347 0 0 
-7.75826 5.4975e+24 7.09729e-17 1.66135e-13 -20.0625 0.119578 0.597888 1.30518e-10 0.282535 0 0 
-7.74443 5.55617e+24 7.03469e-17 1.62408e-13 -19.8422 0.120043 0.600217 1.36577e-10 0.27974 0 0 
-7.7306 5.61537e+24 6.97278e-17 1.58768e-13 -19.6249 0.120506 0.602532 1.42911e-10 0.276962 0 0 
-7.71677 5.67509e+24 6.91155e-17 1.55213e-13 -19.4105 0.120966 0.604832 1.49534e-10 0.274201 0 0 
-7.70294 5.73534e+24 6.85099e-17 1.5174e-13 -19.199 0.121424 0.607119 1.56457e-10 0.271458 0 0 
-7.68911 5.79612e+24 6.79109e-17 1.48347e-13 -18.9903 0.121878 0.609391 1.63695e-10 0.268731 0 0 
-7.67528 5.85744e+24 6.73183e-17 1.45033e-13 -18.7844 0.12233 0.611648 1.71261e-10 0.266022 0 0 
-7.66145 5.9193e+24 6.67322e-17 1.41796e-13 -18.5813 0.122778 0.613891 1.79171e-10 0.263331 0 0 
-7.64762 5.9817e+24 6.61524e-17 1.38633e-13 -18.3808 0.123224 0.616119 1.87439e-10 0.260657 0 0 
-7.6338 6.04465e+24 6.55789e-17 1.35544e-13 -18.1831 0.123667 0.618333 1.9608e-10 0.258001 0 0 
-7.61997 6.10814e+24 6.50115e-17 1.32526e-13 -17.988 0.124106 0.620532 2.05113e-10 0.255362 0 0 
-7.60614 6.17219e+24 6.44502e-17 1.29577e-13 -17.7954 0.124543 0.622716 2.14555e-10 0.252741 0 0 
-7.59231 6.2368e+24 6.38949e-17 1.26696e-13 -17.6054 0.124977 0.624885 2.24422e-10 0.250138 0 0 
-7.57848 6.30197e+24 6.33455e-17 1.23882e-13 -17.418 0.125408 0.627039 2.34735e-10 0.247553 0 0 
-7.56465 6.3677e+24 6.2802e-17 1.21132e-13 -17.233 0.125836 0.629178 2.45514e-10 0.244986 0 0 
-7.55082 6.434e+24 6.22642e-17 1.18445e-13 -17.0504 0.12626 0.631302 2.56778e-10 0.242437 0 0 
-7.53699 6.50087e+24 6.17321e-17 1.1582e-13 -16.8703 0.126682 0.633411 2.68549e-10 0.239907 0 0 
-7.52316 6.56832e+24 6.12057e-17 1.13255e-13 -16.6925 0.127101 0.635505 2.80851e-10 0.237394 0 0 
-7.50933 6.63635e+24 6.06847e-17 1.10749e-13 -16.5171 0.127517 0.637584 2.93705e-10 0.234899 0 0 
-7.4955 6.70496e+24 6.01693e-17 1.083e-13 -16.344 0.12793 0.639648 3.07138e-10 0.232423 0 0 
-7.48167 6.77416e+24 5.96592e-17 1.05908e-13 -16.1731 0.128339 0.641696 3.21173e-10 0.229965 0 0 
-7.46784 6.84395e+24 5.91545e-17 1.03569e-13 -16.0044 0.128746 0.643729 3.35839e-10 0.227525 0 0 
-7.45401 6.91433e+24 5.8655e-17 1.01284e-13 -15.838 0.129149 0.645747 3.51163e-10 0.225104 0 0 
-7.44018 6.98532e+24 5.81607e-17 9.90514e-14 -15.6737 0.12955 0.647749 3.67174e-10 0.222701 0 0 
-7.42636 7.0569e+24 5.76715e-17 9.68694e-14 -15.5116 0.129947 0.649737 3.83901e-10 0.220316 0 0 
-7.41253 7.1291e+24 5.71874e-17 9.4737e-14 -15.3515 0.130342 0.651709 4.01378e-10 0.217949 0 0 
-7.3987 7.2019e+24 5.67083e-17 9.2653e-14 -15.1936 0.130733 0.653665 4.19637e-10 0.215602 0 0 
-7.38487 7.27532e+24 5.62341e-17 9.06164e-14 -15.0377 0.131121 0.655607 4.38712e-10 0.213272 0 0 
-7.37104 7.34935e+24 5.57647e-17 8.86259e-14 -14.8837 0.131507 0.657533 4.5864e-10 0.210961 0 0 
-7.35721 7.42401e+24 5.53002e-17 8.66805e-14 -14.7318 0.131889 0.659443 4.79457e-10 0.208668 0 0 
-7.34338 7.4993e+24 5.48403e-17 8.47792e-14 -14.5818 0.132268 0.661339 5.01204e-10 0.206394 0 0 
-7.32955 7.57521e+24 5.43852e-17 8.29209e-14 -14.4338 0.132644 0.663219 5.2392e-10 0.204138 0 0 
-7.31572 7.65176e+24 5.39347e-17 8.11046e-14 -14.2876 0.133017 0.665083 5.47649e-10 0.2019 0 0 
-7.30189 7.72895e+24 5.34887e-17 7.93292e-14 -14.1433 0.133387 0.666933 5.72435e-10 0.199681 0 0 
-7.28806 7.80679e+24 5.30472e-17 7.7594e-14 -14.0008 0.133753 0.668767 5.98325e-10 0.19748 0 0 
-7.27423 7.88527e+24 5.26102e-17 7.58978e-14 -13.8602 0.134117 0.670586 6.25367e-10 0.195297 0 0 
-7.2604 7.9644e+24 5.21776e-17 7.42398e-14 -13.7213 0.134478 0.672389 6.53611e-10 0.193133 0 0 
-7.24657 8.04418e+24 5.17492e-17 7.26191e-14 -13.5842 0.134835 0.674177 6.8311e-10 0.190987 0 0 
-7.23274 8.12463e+24 5.13252e-17 7.10349e-14 -13.4488 0.13519 0.67595 7.1392e-10 0.18886 0 0 
-7.21892 8.20574e+24 5.09054e-17 6.94862e-14 -13.3151 0.135542 0.677708 7.46097e-10 0.18675 0 0 
-7.20509 8.28752e+24 5.04897e-17 6.79723e-14 -13.1831 0.13589 0.679451 7.79702e-10 0.184659 0 0 
-7.19126 8.36997e+24 5.00782e-17 6.64924e-14 -13.0528 0.136236 0.681178 8.14797e-10 0.182586 0 0 
-7.17743 8.4531e+24 4.96707e-17 6.50455e-14 -12.9241 0.136578 0.682891 8.51448e-10 0.180531 0 0 
-7.1636 8.53691e+24 4.92672e-17 6.36311e-14 -12.797 0.136918 0.684588 8.89722e-10 0.178494 0 0 
-7.14977 8.6214e+24 4.88677e-17 6.22483e-14 -12.6715 0.137254 0.686271 9.2969e-10 0.176475 0 0 
-7.13594 8.70659e+24 4.84722e-17 6.08964e-14 -12.5475 0.137588 0.687938 9.71427e-10 0.174474 0 0 
-7.12211 8.79247e+24 4.80804e-17 5.95747e-14 -12.4251 0.137918 0.68959 1.01501e-09 0.172491 0 0 
-7.10828 8.87905e+24 4.76925e-17 5.82824e-14 -12.3042 0.138246 0.691228 1.06052e-09 0.170526 0 0 
-7.09445 8.96633e+24 4.73084e-17 5.7019e-14 -12.1848 0.13857 0.692851 1.10804e-09 0.168579 0 0 
-7.08062 9.05432e+24 4.6928e-17 5.57837e-14 -12.0669 0.138892 0.694459 1.15766e-09 0.16665 0 0 
-7.06679 9.14303e+24 4.65512e-17 5.45758e-14 -11.9504 0.13921 0.696052 1.20946e-09 0.164738 0 0 
-7.05296 9.23245e+24 4.61781e-17 5.33949e-14 -11.8353 0.139526 0.69763 1.26355e-09 0.162844 0 0 
-7.03913 9.32259e+24 4.58086e-17 5.22401e-14 -11.7217 0.139839 0.699194 1.32003e-09 0.160967 0 0 
-7.0253 9.41346e+24 4.54426e-17 5.1111e-14 -11.6094 0.140149 0.700743 1.379e-09 0.159108 0 0 
-7.01148 9.50506e+24 4.50802e-17 5.0007e-14 -11.4985 0.140456 0.702278 1.44056e-09 0.157267 0 0 
-6.99765 9.5974e+24 4.47212e-17 4.89274e-14 -11.389 0.14076 0.703798 1.50483e-09 0.155443 0 0 
-6.98382 9.69048e+24 4.43656e-17 4.78717e-14 -11.2807 0.141061 0.705304 1.57194e-09 0.153636 0 0 
-6.96999 9.7843e+24 4.40133e-17 4.68394e-14 -11.1738 0.141359 0.706795 1.64199e-09 0.151846 0 0 
-6.95616 9.87887e+24 4.36644e-17 4.58299e-14 -11.0682 0.141654 0.708272 1.71512e-09 0.150074 0 0 
-6.94233 9.9742e+24 4.33189e-17 4.48427e-14 -10.9638 0.141947 0.709735 1.79147e-09 0.148318 0 0 
-6.9285 1.00703e+25 4.29765e-17 4.38773e-14 -10.8607 0.142237 0.711184 1.87117e-09 0.14658 0 0 
-6.91467 1.01671e+25 4.26374e-17 4.29332e-14 -10.7588 0.142524 0.712618 1.95437e-09 0.144858 0 0 
-6.90084 1.02648e+25 4.23014e-17 4.20099e-14 -10.6582 0.142808 0.714039 2.04122e-09 0.143153 0 0 
-6.88701 1.03632e+25 4.19686e-17 4.1107e-14 -10.5587 0.143089 0.715445 2.13187e-09 0.141466 0 0 
-6.87318 1.04623e+25 4.16389e-17 4.02239e-14 -10.4604 0.143368 0.716838 2.22651e-09 0.139794 0 0 
-6.85935 1.05623e+25 4.13123e-17 3.93603e-14 -10.3633 0.143643 0.718217 2.32529e-09 0.138139 0 0 
-6.84552 1.06631e+25 4.09887e-17 3.85156e-14 -10.2673 0.143916 0.719582 2.4284e-09 0.136501 0 0 
-6.83169 1.07646e+25 4.0668e-17 3.76895e-14 -10.1724 0.144187 0.720934 2.53602e-09 0.134879 0 0 
-6.81786 1.08669e+25 4.03504e-17 3.68815e-14 -10.0787 0.144454 0.722272 2.64835e-09 0.133274 0 0 
-6.80404 1.09701e+25 4.00356e-17 3.60912e-14 -9.98607 0.144719 0.723596 2.7656e-09 0.131684 0 0 
-6.79021 1.10741e+25 3.97238e-17 3.53183e-14 -9.89451 0.144981 0.724907 2.88798e-09 0.130111 0 0 
-6.77638 1.11788e+25 3.94148e-17 3.45623e-14 -9.80402 0.145241 0.726205 3.0157e-09 0.128554 0 0 
-6.76255 1.12844e+25 3.91086e-17 3.38228e-14 -9.71458 0.145498 0.72749 3.14901e-09 0.127013 0 0 
-6.74872 1.13909e+25 3.88052e-17 3.30995e-14 -9.62617 0.145752 0.728761 3.28814e-09 0.125487 0 0 
-6.73489 1.14981e+25 3.85046e-17 3.2392e-14 -9.53878 0.146004 0.730019 3.43334e-09 0.123977 0 0 
-6.72106 1.16062e+25 3.82067e-17 3.17e-14 -9.4524 0.146253 0.731264 3.58489e-09 0.122483 0 0 
-6.70723 1.17151e+25 3.79115e-17 3.1023e-14 -9.36701 0.146499 0.732496 3.74304e-09 0.121004 0 0 
-6.6934 1.18249e+25 3.7619e-17 3.03609e-14 -9.2826 0.146743 0.733716 3.90809e-09 0.119541 0 0 
-6.67957 1.19356e+25 3.73291e-17 2.97131e-14 -9.19915 0.146984 0.734922 4.08034e-09 0.118093 0 0 
-6.66574 1.20471e+25 3.70418e-17 2.90795e-14 -9.11665 0.147223 0.736116 4.2601e-09 0.116661 0 0 
-6.65191 1.21594e+25 3.6757e-17 2.84596e-14 -9.03509 0.147459 0.737297 4.44769e-09 0.115243 0 0 
-6.63808 1.22726e+25 3.64749e-17 2.78533e-14 -8.95445 0.147693 0.738466 4.64344e-09 0.11384 0 0 
-6.62425 1.23867e+25 3.61952e-17 2.72601e-14 -8.87473 0.147925 0.739623 4.84772e-09 0.112453 0 0 
-6.61042 1.25017e+25 3.5918e-17 2.66798e-14 -8.79589 0.148153 0.740767 5.06089e-09 0.11108 0 0 
-6.5966 1.26176e+25 3.56433e-17 2.61121e-14 -8.71795 0.14838 0.741899 5.28333e-09 0.109722 0 0 
-6.58277 1.27344e+25 3.5371e-17 2.55568e-14 -8.64087 0.148604 0.743018 5.51545e-09 0.108378 0 0 
-6.56894 1.2852e+25 3.51011e-17 2.50134e-14 -8.56466 0.148825 0.744126 5.75766e-09 0.107049 0 0 
-6.55511 1.29706e+25 3.48336e-17 2.44819e-14 -8.48929 0.149044 0.745222 6.01039e-09 0.105734 0 0 
-6.54128 1.30901e+25 3.45684e-17 2.39619e-14 -8.41476 0.149261 0.746305 6.27411e-09 0.104434 0 0 
-6.52745 1.32105e+25 3.43056e-17 2.34531e-14 -8.34105 0.149475 0.747377 6.54928e-09 0.103147 0 0 
-6.51362 1.33318e+25 3.40451e-17 2.29553e-14 -8.26816 0.149688 0.748438 6.83639e-09 0.101875 0 0 
-6.49979 1.3454e+25 3.37868e-17 2.24683e-14 -8.19607 0.149897 0.749486 7.13597e-09 0.100617 0 0 
-6.48596 1.35772e+25 3.35308e-17 2.19918e-14 -8.12477 0.150105 0.750523 7.44855e-09 0.099372 0 0 
-6.47213 1.37013e+25 3.3277e-17 2.15256e-14 -8.05425 0.15031 0.751549 7.77469e-09 0.0981412 0 0 
-6.4583 1.38264e+25 3.30254e-17 2.10694e-14 -7.98449 0.150513 0.752563 8.11497e-09 0.0969239 0 0 
-6.44447 1.39524e+25 3.2776e-17 2.06231e-14 -7.9155 0.150713 0.753567 8.47e-09 0.0957202 0 0 
-6.43064 1.40794e+25 3.25288e-17 2.01865e-14 -7.84725 0.150912 0.754558 8.84041e-09 0.0945298 0 0 
-6.41681 1.42073e+25 3.22836e-17 1.97592e-14 -7.77974 0.151108 0.755539 9.22688e-09 0.0933527 0 0 
-6.40298 1.43362e+25 3.20406e-17 1.93411e-14 -7.71296 0.151302 0.756509 9.63008e-09 0.0921888 0 0 
-6.38916 1.44661e+25 3.17997e-17 1.8932e-14 -7.64689 0.151494 0.757468 1.00507e-08 0.0910379 0 0 
-6.37533 1.4597e+25 3.15608e-17 1.85318e-14 -7.58153 0.151683 0.758417 1.04896e-08 0.0899 0 0 
-6.3615 1.47288e+25 3.1324e-17 1.81401e-14 -7.51687 0.151871 0.759354 1.09475e-08 0.0887749 0 0 
-6.34767 1.48617e+25 3.10891e-17 1.77568e-14 -7.4529 0.152056 0.760281 1.14252e-08 0.0876625 0 0 
-6.33384 1.49955e+25 3.08563e-17 1.73818e-14 -7.38961 0.15224 0.761198 1.19235e-08 0.0865628 0 0 
-6.32001 1.51304e+25 3.06255e-17 1.70148e-14 -7.32699 0.152421 0.762104 1.24434e-08 0.0854756 0 0 
-6.30618 1.52663e+25 3.03966e-17 1.66557e-14 -7.26502 0.1526 0.762999 1.29857e-08 0.0844007 0 0 
-6.29235 1.54032e+25 3.01696e-17 1.63043e-14 -7.20371 0.152777 0.763885 1.35515e-08 0.0833381 0 0 
-6.27852 1.55411e+25 2.99446e-17 1.59604e-14 -7.14305 0.152952 0.76476 1.41417e-08 0.0822877 0 0 
-6.26469 1.56801e+25 2.97214e-17 1.56239e-14 -7.08301 0.153125 0.765625 1.47575e-08 0.0812494 0 0 
-6.25086 1.58201e+25 2.95001e-17 1.52946e-14 -7.02361 0.153296 0.766481 1.53998e-08 0.080223 0 0 
-6.23703 1.59612e+25 2.92807e-17 1.49724e-14 -6.96482 0.153465 0.767326 1.60699e-08 0.0792085 0 0 
-6.2232 1.61033e+25 2.90631e-17 1.4657e-14 -6.90664 0.153632 0.768162 1.67688e-08 0.0782057 0 0 
-6.20937 1.62465e+25 2.88474e-17 1.43484e-14 -6.84906 0.153798 0.768988 1.7498e-08 0.0772146 0 0 
-6.19554 1.63908e+25 2.86334e-17 1.40463e-14 -6.79207 0.153961 0.769804 1.82585e-08 0.0762349 0 0 
-6.18171 1.65361e+25 2.84212e-17 1.37508e-14 -6.73567 0.154122 0.770611 1.90519e-08 0.0752667 0 0 
-6.16789 1.66825e+25 2.82108e-17 1.34615e-14 -6.67985 0.154282 0.771408 1.98795e-08 0.0743098 0 0 
-6.15406 1.683e+25 2.80021e-17 1.31784e-14 -6.6246 0.154439 0.772197 2.07428e-08 0.0733641 0 0 
-6.14023 1.69786e+25 2.77951e-17 1.29013e-14 -6.56991 0.154595 0.772975 2.16433e-08 0.0724295 0 0 
-6.1264 1.71283e+25 2.75898e-17 1.26302e-14 -6.51577 0.154749 0.773745 2.25826e-08 0.0715059 0 0 
-6.11257 1.72792e+25 2.73862e-17 1.23648e-14 -6.46219 0.154901 0.774506 2.35624e-08 0.0705931 0 0 
-6.09874 1.74311e+25 2.71843e-17 1.21051e-14 -6.40914 0.155051 0.775257 2.45843e-08 0.0696912 0 0 
-6.08491 1.75842e+25 2.69841e-17 1.18509e-14 -6.35663 0.1552 0.776 2.56503e-08 0.0687999 0 0 
-6.07108 1.77384e+25 2.67855e-17 1.16021e-14 -6.30464 0.155347 0.776734 2.67621e-08 0.0679191 0 0 
-6.05725 1.78938e+25 2.65885e-17 1.13586e-14 -6.25318 0.155492 0.777459 2.79218e-08 0.0670489 0 0 
-6.04342 1.80503e+25 2.63931e-17 1.11203e-14 -6.20223 0.155635 0.778176 2.91314e-08 0.0661889 0 0 
-6.02959 1.82079e+25 2.61993e-17 1.0887e-14 -6.15178 0.155777 0.778884 3.03931e-08 0.0653393 0 0 
-6.01576 1.83668e+25 2.60071e-17 1.06587e-14 -6.10184 0.155917 0.779583 3.1709e-08 0.0644998 0 0 
-6.00193 1.85268e+25 2.58165e-17 1.04353e-14 -6.05239 0.156055 0.780275 3.30815e-08 0.0636703 0 0 
-5.9881 1.8688e+25 2.56274e-17 1.02166e-14 -6.00342 0.156192 0.780958 3.45131e-08 0.0628508 0 0 
-5.97427 1.88503e+25 2.54398e-17 1.00025e-14 -5.95494 0.156326 0.781632 3.60062e-08 0.0620412 0 0 
-5.96045 1.90139e+25 2.52537e-17 9.79296e-15 -5.90693 0.15646 0.782299 3.75634e-08 0.0612413 0 0 
-5.94662 1.91787e+25 2.50692e-17 9.58787e-15 -5.8594 0.156591 0.782957 3.91876e-08 0.060451 0 0 
-5.93279 1.93447e+25 2.48861e-17 9.38713e-15 -5.81232 0.156722 0.783608 4.08815e-08 0.0596703 0 0 
-5.91896 1.95119e+25 2.47045e-17 9.19064e-15 -5.7657 0.15685 0.784251 4.26483e-08 0.0588991 0 0 
-5.90513 1.96803e+25 2.45243e-17 8.99831e-15 -5.71954 0.156977 0.784886 4.44909e-08 0.0581372 0 0 
-5.8913 1.985e+25 2.43456e-17 8.81006e-15 -5.67382 0.157103 0.785513 4.64126e-08 0.0573845 0 0 
-5.87747 2.00209e+25 2.41683e-17 8.62578e-15 -5.62854 0.157226 0.786132 4.84168e-08 0.0566411 0 0 
-5.86364 2.01931e+25 2.39924e-17 8.4454e-15 -5.5837 0.157349 0.786744 5.05071e-08 0.0559066 0 0 
-5.84981 2.03665e+25 2.38179e-17 8.26884e-15 -5.53928 0.15747 0.787349 5.2687e-08 0.0551812 0 0 
-5.83598 2.05412e+25 2.36448e-17 8.09601e-15 -5.49529 0.157589 0.787946 5.49605e-08 0.0544646 0 0 
-5.82215 2.07172e+25 2.34731e-17 7.92683e-15 -5.45172 0.157707 0.788536 5.73316e-08 0.0537568 0 0 
-5.80832 2.08945e+25 2.33028e-17 7.76122e-15 -5.40857 0.157824 0.789119 5.98043e-08 0.0530576 0 0 
-5.79449 2.1073e+25 2.31338e-17 7.59911e-15 -5.36582 0.157939 0.789694 6.23832e-08 0.0523671 0 0 
-5.78066 2.12529e+25 2.29661e-17 7.44042e-15 -5.32348 0.158052 0.790262 6.50725e-08 0.051685 0 0 
-5.76683 2.14341e+25 2.27997e-17 7.28508e-15 -5.28153 0.158165 0.790824 6.78772e-08 0.0510114 0 0 
-5.75301 2.16166e+25 2.26347e-17 7.13302e-15 -5.23998 0.158276 0.791378 7.08022e-08 0.0503461 0 0 
-5.73918 2.18004e+25 2.2471e-17 6.98416e-15 -5.19882 0.158385 0.791926 7.38525e-08 0.049689 0 0 
-5.72535 2.19856e+25 2.23085e-17 6.83844e-15 -5.15804 0.158493 0.792467 7.70335e-08 0.04904 0 0 
-5.71152 2.21721e+25 2.21473e-17 6.69578e-15 -5.11764 0.1586 0.793001 8.03508e-08 0.0483991 0 0 
-5.69769 2.236e+25 2.19874e-17 6.55614e-15 -5.07762 0.158706 0.793528 8.38102e-08 0.0477661 0 0 
-5.68386 2.25492e+25 2.18287e-17 6.41943e-15 -5.03797 0.15881 0.794049 8.74178e-08 0.047141 0 0 
-5.67003 2.27398e+25 2.16713e-17 6.2856e-15 -4.99869 0.158913 0.794564 9.11799e-08 0.0465237 0 0 
-5.6562 2.29319e+25 2.15151e-17 6.15459e-15 -4.95976 0.159014 0.795072 9.51031e-08 0.0459141 0 0 
-5.64237 2.31252e+25 2.13601e-17 6.02633e-15 -4.9212 0.159115 0.795573 9.91943e-08 0.045312 0 0 
-5.62854 2.332e+25 2.12063e-17 5.90077e-15 -4.88299 0.159214 0.796069 1.03461e-07 0.0447176 0 0 
-5.61471 2.35163e+25 2.10537e-17 5.77785e-15 -4.84513 0.159312 0.796558 1.0791e-07 0.0441305 0 0 
-5.60088 2.37139e+25 2.09023e-17 5.65752e-15 -4.80761 0.159408 0.797041 1.12549e-07 0.0435508 0 0 
-5.58705 2.3913e+25 2.0752e-17 5.53971e-15 -4.77044 0.159504 0.797518 1.17387e-07 0.0429784 0 0 
-5.57322 2.41135e+25 2.06029e-17 5.42437e-15 -4.7336 0.159598 0.797989 1.22432e-07 0.0424131 0 0 
-5.55939 2.43154e+25 2.0455e-17 5.31146e-15 -4.6971 0.159691 0.798454 1.27692e-07 0.041855 0 0 
-5.54557 2.45188e+25 2.03082e-17 5.20092e-15 -4.66092 0.159783 0.798913 1.33178e-07 0.0413039 0 0 
-5.53174 2.47237e+25 2.01626e-17 5.0927e-15 -4.62507 0.159873 0.799367 1.38898e-07 0.0407598 0 0 
-5.51791 2.49301e+25 2.0018e-17 4.98675e-15 -4.58954 0.159963 0.799814 1.44863e-07 0.0402225 0 0 
-5.50408 2.5138e+25 1.98746e-17 4.88302e-15 -4.55434 0.160051 0.800257 1.51083e-07 0.039692 0 0 
-5.49025 2.53473e+25 1.97323e-17 4.78147e-15 -4.51944 0.160139 0.800693 1.57569e-07 0.0391682 0 0 
-5.47642 2.55582e+25 1.9591e-17 4.68204e-15 -4.48486 0.160225 0.801124 1.64332e-07 0.038651 0 0 
-5.46259 2.57706e+25 1.94508e-17 4.5847e-15 -4.45058 0.16031 0.801549 1.71384e-07 0.0381404 0 0 
-5.44876 2.59845e+25 1.93118e-17 4.4894e-15 -4.41661 0.160394 0.80197 1.78738e-07 0.0376363 0 0 
-5.43493 2.61999e+25 1.91737e-17 4.39609e-15 -4.38294 0.160477 0.802384 1.86406e-07 0.0371386 0 0 
-5.4211 2.64169e+25 1.90367e-17 4.30474e-15 -4.34957 0.160559 0.802794 1.94401e-07 0.0366473 0 0 
-5.40727 2.66355e+25 1.89008e-17 4.2153e-15 -4.31649 0.16064 0.803198 2.02738e-07 0.0361621 0 0 
-5.39344 2.68556e+25 1.87659e-17 4.12774e-15 -4.2837 0.160719 0.803597 2.11431e-07 0.0356832 0 0 
-5.37961 2.70774e+25 1.8632e-17 4.042e-15 -4.25119 0.160798 0.803991 2.20496e-07 0.0352104 0 0 
-5.36578 2.73007e+25 1.84992e-17 3.95806e-15 -4.21898 0.160876 0.80438 2.29947e-07 0.0347436 0 0 
-5.35195 2.75256e+25 1.83673e-17 3.87587e-15 -4.18704 0.160953 0.804764 2.39802e-07 0.0342828 0 0 
-5.33813 2.77521e+25 1.82364e-17 3.79541e-15 -4.15538 0.161029 0.805143 2.50078e-07 0.0338279 0 0 
-5.3243 2.79803e+25 1.81066e-17 3.71662e-15 -4.12399 0.161103 0.805517 2.60793e-07 0.0333788 0 0 
-5.31047 2.82101e+25 1.79777e-17 3.63948e-15 -4.09288 0.161177 0.805887 2.71965e-07 0.0329354 0 0 
-5.29664 2.84415e+25 1.78498e-17 3.56396e-15 -4.06203 0.16125 0.806252 2.83614e-07 0.0324978 0 0 
-5.28281 2.86746e+25 1.77228e-17 3.49001e-15 -4.03146 0.161322 0.806612 2.9576e-07 0.0320658 0 0 
-5.26898 2.89094e+25 1.75968e-17 3.41761e-15 -4.00114 0.161393 0.806967 3.08425e-07 0.0316393 0 0 
-5.25515 2.91458e+25 1.74717e-17 3.34671e-15 -3.97108 0.161464 0.807318 3.21629e-07 0.0312183 0 0 
-5.24132 2.9384e+25 1.73476e-17 3.2773e-15 -3.94129 0.161533 0.807664 3.35398e-07 0.0308028 0 0 
-5.22749 2.96238e+25 1.72245e-17 3.20934e-15 -3.91174 0.161601 0.808006 3.49753e-07 0.0303926 0 0 
-5.21366 2.98654e+25 1.71022e-17 3.14279e-15 -3.88245 0.161669 0.808343 3.64721e-07 0.0299877 0 0 
-5.19983 3.01087e+25 1.69808e-17 3.07764e-15 -3.85341 0.161735 0.808676 3.80328e-07 0.029588 0 0 
-5.186 3.03537e+25 1.68604e-17 3.01384e-15 -3.82461 0.161801 0.809005 3.966e-07 0.0291935 0 0 
-5.17217 3.06005e+25 1.67409e-17 2.95137e-15 -3.79606 0.161866 0.80933 4.13566e-07 0.0288041 0 0 
-5.15834 3.0849e+25 1.66222e-17 2.89021e-15 -3.76774 0.16193 0.80965 4.31255e-07 0.0284198 0 0 
-5.14451 3.10993e+25 1.65045e-17 2.83032e-15 -3.73967 0.161993 0.809966 4.49699e-07 0.0280404 0 0 
-5.13069 3.13514e+25 1.63876e-17 2.77168e-15 -3.71183 0.162056 0.810278 4.68929e-07 0.0276659 0 0 
-5.11686 3.16053e+25 1.62716e-17 2.71426e-15 -3.68423 0.162117 0.810586 4.88979e-07 0.0272963 0 0 
-5.10303 3.1861e+25 1.61564e-17 2.65804e-15 -3.65686 0.162178 0.81089 5.09884e-07 0.0269315 0 0 
-5.0892 3.21185e+25 1.60421e-17 2.60298e-15 -3.62971 0.162238 0.81119 5.3168e-07 0.0265715 0 0 
-5.07537 3.23779e+25 1.59287e-17 2.54908e-15 -3.6028 0.162297 0.811486 5.54404e-07 0.0262161 0 0 
-5.06154 3.26391e+25 1.5816e-17 2.4963e-15 -3.5761 0.162356 0.811778 5.78097e-07 0.0258654 0 0 
-5.04771 3.29022e+25 1.57043e-17 2.44461e-15 -3.54963 0.162413 0.812067 6.028e-07 0.0255192 0 0 
-5.03388 3.31671e+25 1.55933e-17 2.394e-15 -3.52338 0.16247 0.812352 6.28555e-07 0.0251775 0 0 
-5.02005 3.34339e+25 1.54832e-17 2.34445e-15 -3.49734 0.162527 0.812633 6.55408e-07 0.0248403 0 0 
-5.00622 3.37027e+25 1.53739e-17 2.29592e-15 -3.47152 0.162582 0.81291 6.83405e-07 0.0245075 0 0 
-4.99239 3.39733e+25 1.52654e-17 2.24841e-15 -3.44592 0.162637 0.813184 7.12594e-07 0.0241791 0 0 
-4.97856 3.42458e+25 1.51577e-17 2.20188e-15 -3.42052 0.162691 0.813454 7.43027e-07 0.0238549 0 0 
-4.96473 3.45203e+25 1.50507e-17 2.15632e-15 -3.39533 0.162744 0.81372 7.74755e-07 0.023535 0 0 
-4.9509 3.47968e+25 1.49446e-17 2.11171e-15 -3.37035 0.162797 0.813983 8.07836e-07 0.0232193 0 0 
-4.93707 3.50752e+25 1.48393e-17 2.06803e-15 -3.34557 0.162849 0.814243 8.42325e-07 0.0229077 0 0 
-4.92325 3.53556e+25 1.47347e-17 2.02525e-15 -3.321 0.1629 0.814499 8.78283e-07 0.0226002 0 0 
-4.90942 3.56379e+25 1.46309e-17 1.98337e-15 -3.29662 0.16295 0.814752 9.15771e-07 0.0222967 0 0 
-4.89559 3.59223e+25 1.45279e-17 1.94235e-15 -3.27244 0.163 0.815002 9.54856e-07 0.0219972 0 0 
-4.88176 3.62087e+25 1.44256e-17 1.90219e-15 -3.24846 0.16305 0.815248 9.95606e-07 0.0217017 0 0 
-4.86793 3.64971e+25 1.4324e-17 1.86286e-15 -3.22468 0.163098 0.815491 1.03809e-06 0.02141 0 0 
-4.8541 3.67876e+25 1.42232e-17 1.82434e-15 -3.20108 0.163146 0.815731 1.08238e-06 0.0211221 0 0 
-4.84027 3.70801e+25 1.41232e-17 1.78663e-15 -3.17768 0.163193 0.815967 1.12856e-06 0.0208381 0 0 
-4.82644 3.73747e+25 1.40238e-17 1.7497e-15 -3.15446 0.16324 0.816201 1.1767e-06 0.0205578 0 0 
-4.81261 3.76714e+25 1.39252e-17 1.71353e-15 -3.13144 0.163286 0.816431 1.2269e-06 0.0202812 0 0 
-4.79878 3.79701e+25 1.38274e-17 1.67812e-15 -3.10859 0.163332 0.816659 1.27922e-06 0.0200082 0 0 
-4.78495 3.8271e+25 1.37302e-17 1.64344e-15 -3.08593 0.163377 0.816883 1.33378e-06 0.0197388 0 0 
-4.77112 3.85741e+25 1.36337e-17 1.60948e-15 -3.06345 0.163421 0.817105 1.39066e-06 0.019473 0 0 
-4.75729 3.88792e+25 1.3538e-17 1.57623e-15 -3.04115 0.163465 0.817323 1.44995e-06 0.0192107 0 0 
-4.74346 3.91866e+25 1.34429e-17 1.54367e-15 -3.01903 0.163508 0.817539 1.51177e-06 0.0189518 0 0 
-4.72963 3.94961e+25 1.33485e-17 1.51178e-15 -2.99709 0.16355 0.817752 1.57622e-06 0.0186964 0 0 
-4.7158 3.98077e+25 1.32549e-17 1.48055e-15 -2.97531 0.163592 0.817962 1.64341e-06 0.0184444 0 0 
-4.70198 4.01216e+25 1.31619e-17 1.44997e-15 -2.95372 0.163634 0.818169 1.71346e-06 0.0181957 0 0 
-4.68815 4.04377e+25 1.30695e-17 1.42002e-15 -2.93229 0.163675 0.818373 1.78649e-06 0.0179503 0 0 
-4.67432 4.07561e+25 1.29779e-17 1.3907e-15 -2.91103 0.163715 0.818575 1.86263e-06 0.0177081 0 0 
-4.66049 4.10767e+25 1.28869e-17 1.36198e-15 -2.88994 0.163755 0.818774 1.942e-06 0.0174691 0 0 
-4.64666 4.13995e+25 1.27965e-17 1.33386e-15 -2.86902 0.163794 0.818971 2.02475e-06 0.0172333 0 0 
-4.63283 4.17247e+25 1.27069e-17 1.30632e-15 -2.84826 0.163833 0.819164 2.11102e-06 0.0170007 0 0 
-4.619 4.20521e+25 1.26178e-17 1.27935e-15 -2.82766 0.163871 0.819356 2.20096e-06 0.0167711 0 0 
-4.60517 4.23818e+25 1.25294e-17 1.25294e-15 -2.80723 0.163909 0.819544 2.29472e-06 0.0165446 0 0 
-4.59134 4.27139e+25 1.24417e-17 1.22708e-15 -2.78695 0.163946 0.81973 2.39247e-06 0.0163211 0 0 
-4.57751 4.30483e+25 1.23546e-17 1.20175e-15 -2.76684 0.163983 0.819914 2.49438e-06 0.0161005 0 0 
-4.56368 4.3385e+25 1.22681e-17 1.17695e-15 -2.74688 0.164019 0.820095 2.60062e-06 0.0158829 0 0 
-4.54985 4.37242e+25 1.21822e-17 1.15266e-15 -2.72707 0.164055 0.820274 2.71137e-06 0.0156682 0 0 
-4.53602 4.40657e+25 1.2097e-17 1.12888e-15 -2.70742 0.16409 0.820451 2.82684e-06 0.0154563 0 0 
-4.52219 4.44096e+25 1.20123e-17 1.10558e-15 -2.68793 0.164125 0.820625 2.94721e-06 0.0152473 0 0 
-4.50836 4.4756e+25 1.19283e-17 1.08277e-15 -2.66858 0.164159 0.820797 3.0727e-06 0.015041 0 0 
-4.49454 4.51048e+25 1.18449e-17 1.06043e-15 -2.64939 0.164193 0.820966 3.20352e-06 0.0148375 0 0 
-4.48071 4.5456e+25 1.17621e-17 1.03856e-15 -2.63034 0.164227 0.821133 3.3399e-06 0.0146367 0 0 
-4.46688 4.58097e+25 1.16798e-17 1.01713e-15 -2.61144 0.16426 0.821298 3.48208e-06 0.0144386 0 0 
-4.45305 4.6166e+25 1.15982e-17 9.9615e-16 -2.59269 0.164292 0.821461 3.63031e-06 0.0142431 0 0 
-4.43922 4.65247e+25 1.15172e-17 9.75604e-16 -2.57408 0.164324 0.821622 3.78483e-06 0.0140502 0 0 
-4.42539 4.68859e+25 1.14367e-17 9.55482e-16 -2.55562 0.164356 0.82178 3.94592e-06 0.0138599 0 0 
-4.41156 4.72497e+25 1.13568e-17 9.35777e-16 -2.5373 0.164387 0.821936 4.11385e-06 0.0136722 0 0 
-4.39773 4.7616e+25 1.12775e-17 9.16479e-16 -2.51911 0.164418 0.822091 4.28892e-06 0.0134869 0 0 
-4.3839 4.7985e+25 1.11987e-17 8.9758e-16 -2.50107 0.164449 0.822243 4.47143e-06 0.0133041 0 0 
-4.37007 4.83565e+25 1.11206e-17 8.79072e-16 -2.48317 0.164479 0.822393 4.66169e-06 0.0131238 0 0 
-4.35624 4.87306e+25 1.10429e-17 8.60947e-16 -2.4654 0.164508 0.822541 4.86004e-06 0.0129459 0 0 
-4.34241 4.91074e+25 1.09659e-17 8.43197e-16 -2.44777 0.164537 0.822687 5.06682e-06 0.0127704 0 0 
-4.32858 4.94868e+25 1.08894e-17 8.25813e-16 -2.43027 0.164566 0.822831 5.28237e-06 0.0125972 0 0 
-4.31475 4.98688e+25 1.08134e-17 8.08789e-16 -2.41291 0.164595 0.822973 5.50709e-06 0.0124263 0 0 
-4.30092 5.02536e+25 1.0738e-17 7.92117e-16 -2.39567 0.164623 0.823114 5.74135e-06 0.0122578 0 0 
-4.2871 5.0641e+25 1.06631e-17 7.75789e-16 -2.37857 0.16465 0.823252 5.98557e-06 0.0120914 0 0 
-4.27327 5.10312e+25 1.05887e-17 7.59799e-16 -2.3616 0.164678 0.823389 6.24015e-06 0.0119273 0 0 
-4.25944 5.14241e+25 1.05149e-17 7.44139e-16 -2.34476 0.164705 0.823523 6.50556e-06 0.0117655 0 0 
-4.24561 5.18198e+25 1.04416e-17 7.28803e-16 -2.32805 0.164731 0.823656 6.78223e-06 0.0116057 0 0 
-4.23178 5.22183e+25 1.03688e-17 7.13784e-16 -2.31146 0.164757 0.823787 7.07065e-06 0.0114482 0 0 
-4.21795 5.26195e+25 1.02966e-17 6.99075e-16 -2.29499 0.164783 0.823917 7.37133e-06 0.0112927 0 0 
-4.20412 5.30236e+25 1.02248e-17 6.8467e-16 -2.27866 0.164809 0.824044 7.68477e-06 0.0111393 0 0 
-4.19029 5.34305e+25 1.01536e-17 6.70562e-16 -2.26244 0.164834 0.82417 8.01153e-06 0.010988 0 0 
-4.17646 5.38402e+25 1.00829e-17 6.56746e-16 -2.24635 0.164859 0.824294 8.35216e-06 0.0108387 0 0 
-4.16263 5.42529e+25 1.00126e-17 6.43215e-16 -2.23038 0.164883 0.824417 8.70726e-06 0.0106915 0 0 
-4.1488 5.46684e+25 9.9429e-18 6.29963e-16 -2.21452 0.164907 0.824537 9.07743e-06 0.0105462 0 0 
-4.13497 5.50868e+25 9.87368e-18 6.16985e-16 -2.19879 0.164931 0.824656 9.46332e-06 0.0104028 0 0 
-4.12114 5.55082e+25 9.80494e-18 6.04275e-16 -2.18317 0.164955 0.824774 9.8656e-06 0.0102614 0 0 
-4.10731 5.59325e+25 9.73669e-18 5.91828e-16 -2.16768 0.164978 0.82489 1.0285e-05 0.0101219 0 0 
-4.09348 5.63598e+25 9.66893e-18 5.79637e-16 -2.15229 0.165001 0.825004 1.07221e-05 0.00998429 0 0 
-4.07966 5.67901e+25 9.60164e-18 5.67698e-16 -2.13703 0.165023 0.825117 1.11778e-05 0.00984851 0 0 
-4.06583 5.72234e+25 9.53484e-18 5.56006e-16 -2.12187 0.165046 0.825228 1.16529e-05 0.00971455 0 0 
-4.052 5.76597e+25 9.46851e-18 5.44554e-16 -2.10683 0.165068 0.825338 1.21482e-05 0.00958241 0 0 
-4.03817 5.80991e+25 9.40264e-18 5.3334e-16 -2.0919 0.165089 0.825446 1.26644e-05 0.00945204 0 0 
-4.02434 5.85416e+25 9.33725e-18 5.22356e-16 -2.07709 0.165111 0.825553 1.32026e-05 0.00932343 0 0 
-4.01051 5.89872e+25 9.27232e-18 5.11599e-16 -2.06238 0.165132 0.825658 1.37636e-05 0.00919655 0 0 
-3.99668 5.94359e+25 9.20784e-18 5.01065e-16 -2.04778 0.165152 0.825762 1.43485e-05 0.00907139 0 0 
-3.98285 5.98877e+25 9.14383e-18 4.90747e-16 -2.03329 0.165173 0.825864 1.49581e-05 0.00894791 0 0 
-3.96902 6.03427e+25 9.08026e-18 4.80643e-16 -2.01891 0.165193 0.825965 1.55937e-05 0.00882609 0 0 
-3.95519 6.08009e+25 9.01715e-18 4.70746e-16 -2.00464 0.165213 0.826065 1.62562e-05 0.00870593 0 0 
-3.94136 6.12623e+25 8.95448e-18 4.61054e-16 -1.99047 0.165233 0.826163 1.69468e-05 0.00858738 0 0 
-3.92753 6.17269e+25 8.89226e-18 4.51562e-16 -1.9764 0.165252 0.82626 1.76668e-05 0.00847043 0 0 
-3.9137 6.21948e+25 8.83047e-18 4.42266e-16 -1.96244 0.165271 0.826355 1.84173e-05 0.00835506 0 0 
-3.89987 6.26659e+25 8.76912e-18 4.33161e-16 -1.94858 0.16529 0.82645 1.91997e-05 0.00824125 0 0 
-3.88604 6.31403e+25 8.70821e-18 4.24245e-16 -1.93482 0.165309 0.826543 2.00152e-05 0.00812898 0 0 
-3.87222 6.36181e+25 8.64772e-18 4.15512e-16 -1.92117 0.165327 0.826634 2.08654e-05 0.00801822 0 0 
-3.85839 6.40992e+25 8.58766e-18 4.06959e-16 -1.90761 0.165345 0.826724 2.17516e-05 0.00790896 0 0 
-3.84456 6.45837e+25 8.52803e-18 3.98583e-16 -1.89416 0.165363 0.826813 2.26755e-05 0.00780118 0 0 
-3.83073 6.50715e+25 8.46881e-18 3.90379e-16 -1.8808 0.16538 0.826901 2.36385e-05 0.00769485 0 0 
-3.8169 6.55628e+25 8.41001e-18 3.82344e-16 -1.86755 0.165398 0.826988 2.46425e-05 0.00758997 0 0 
-3.80307 6.60575e+25 8.35163e-18 3.74475e-16 -1.85438 0.165415 0.827073 2.5689e-05 0.0074865 0 0 
-3.78924 6.65556e+25 8.29366e-18 3.66768e-16 -1.84132 0.165431 0.827157 2.67799e-05 0.00738443 0 0 
-3.77541 6.70573e+25 8.2361e-18 3.59221e-16 -1.82835 0.165448 0.82724 2.79171e-05 0.00728374 0 0 
-3.76158 6.75624e+25 8.17894e-18 3.51828e-16 -1.81548 0.165464 0.827322 2.91026e-05 0.00718441 0 0 
-3.74775 6.80711e+25 8.12218e-18 3.44588e-16 -1.8027 0.165481 0.827403 3.03384e-05 0.00708643 0 0 
-3.73392 6.85833e+25 8.06583e-18 3.37498e-16 -1.79001 0.165496 0.827482 3.16265e-05 0.00698978 0 0 
-3.72009 6.90991e+25 8.00987e-18 3.30553e-16 -1.77742 0.165512 0.82756 3.29694e-05 0.00689443 0 0 
-3.70626 6.96185e+25 7.9543e-18 3.23751e-16 -1.76491 0.165528 0.827638 3.43692e-05 0.00680038 0 0 
-3.69243 7.01416e+25 7.89913e-18 3.1709e-16 -1.7525 0.165543 0.827714 3.58284e-05 0.0067076 0 0 
-3.6786 7.06682e+25 7.84434e-18 3.10566e-16 -1.74018 0.165558 0.827789 3.73495e-05 0.00661607 0 0 
-3.66478 7.11986e+25 7.78994e-18 3.04177e-16 -1.72795 0.165573 0.827863 3.89351e-05 0.00652579 0 0 
-3.65095 7.17327e+25 7.73592e-18 2.97919e-16 -1.71581 0.165587 0.827936 4.0588e-05 0.00643673 0 0 
-3.63712 7.22705e+25 7.68228e-18 2.9179e-16 -1.70375 0.165601 0.828007 4.2311e-05 0.00634888 0 0 
-3.62329 7.2812e+25 7.62902e-18 2.85787e-16 -1.69179 0.165616 0.828078 4.41071e-05 0.00626221 0 0 
-3.60946 7.33574e+25 7.57613e-18 2.79908e-16 -1.6799 0.16563 0.828148 4.59794e-05 0.00617673 0 0 
-3.59563 7.39065e+25 7.52361e-18 2.7415e-16 -1.66811 0.165643 0.828216 4.79311e-05 0.0060924 0 0 
-3.5818 7.44595e+25 7.47146e-18 2.6851e-16 -1.6564 0.165657 0.828284 4.99655e-05 0.00600922 0 0 
-3.56797 7.50163e+25 7.41968e-18 2.62987e-16 -1.64478 0.16567 0.828351 5.20863e-05 0.00592716 0 0 
-3.55414 7.55771e+25 7.36826e-18 2.57578e-16 -1.63324 0.165683 0.828416 5.4297e-05 0.00584622 0 0 
-3.54031 7.61417e+25 7.3172e-18 2.5228e-16 -1.62178 0.165696 0.828481 5.66015e-05 0.00576638 0 0 
-3.52648 7.67103e+25 7.2665e-18 2.47091e-16 -1.6104 0.165709 0.828544 5.90037e-05 0.00568762 0 0 
-3.51265 7.72828e+25 7.21616e-18 2.42009e-16 -1.59911 0.165721 0.828607 6.15078e-05 0.00560993 0 0 
-3.49882 7.78594e+25 7.16616e-18 2.37032e-16 -1.5879 0.165734 0.828669 6.41181e-05 0.00553329 0 0 
-3.48499 7.84399e+25 7.11652e-18 2.32157e-16 -1.57677 0.165746 0.82873 6.68391e-05 0.0054577 0 0 
-3.47116 7.90245e+25 7.06723e-18 2.27382e-16 -1.56572 0.165758 0.828789 6.96754e-05 0.00538313 0 0 
-3.45733 7.96132e+25 7.01828e-18 2.22706e-16 -1.55474 0.16577 0.828848 7.26321e-05 0.00530957 0 0 
-3.44351 8.0206e+25 6.96968e-18 2.18126e-16 -1.54385 0.165781 0.828906 7.57141e-05 0.00523702 0 0 
-3.42968 8.08029e+25 6.92141e-18 2.13641e-16 -1.53304 0.165793 0.828963 7.89268e-05 0.00516544 0 0 
-3.41585 8.1404e+25 6.87348e-18 2.09248e-16 -1.5223 0.165804 0.829019 8.22758e-05 0.00509485 0 0 
-3.40202 8.20093e+25 6.82589e-18 2.04945e-16 -1.51164 0.165815 0.829074 8.57668e-05 0.00502521 0 0 
-3.38819 8.26188e+25 6.77864e-18 2.00731e-16 -1.50105 0.165826 0.829128 8.94057e-05 0.00495651 0 0 
-3.37436 8.32325e+25 6.73171e-18 1.96603e-16 -1.49054 0.165836 0.829182 9.3199e-05 0.00488875 0 0 
-3.36053 8.38506e+25 6.68511e-18 1.92561e-16 -1.48011 0.165847 0.829234 9.71531e-05 0.00482192 0 0 
-3.3467 8.44729e+25 6.63884e-18 1.88602e-16 -1.46975 0.165857 0.829286 0.000101275 0.00475599 0 0 
-3.33287 8.50996e+25 6.59289e-18 1.84724e-16 -1.45947 0.165867 0.829336 0.000105571 0.00469095 0 0 
-3.31904 8.57306e+25 6.54726e-18 1.80926e-16 -1.44925 0.165877 0.829386 0.00011005 0.00462681 0 0 
-3.30521 8.6366e+25 6.50196e-18 1.77206e-16 -1.43911 0.165887 0.829435 0.000114719 0.00456353 0 0 
-3.29138 8.70059e+25 6.45697e-18 1.73563e-16 -1.42905 0.165897 0.829483 0.000119585 0.00450111 0 0 
-3.27755 8.76502e+25 6.41229e-18 1.69995e-16 -1.41905 0.165906 0.82953 0.000124658 0.00443955 0 0 
-3.26372 8.8299e+25 6.36793e-18 1.665e-16 -1.40913 0.165915 0.829576 0.000129946 0.00437882 0 0 
-3.24989 8.89523e+25 6.32387e-18 1.63078e-16 -1.39927 0.165924 0.829621 0.000135458 0.00431891 0 0 
-3.23607 8.96102e+25 6.28013e-18 1.59725e-16 -1.38949 0.165933 0.829666 0.000141203 0.00425982 0 0 
-3.22224 9.02727e+25 6.23669e-18 1.56442e-16 -1.37977 0.165942 0.829709 0.000147193 0.00420154 0 0 
-3.20841 9.09398e+25 6.19356e-18 1.53226e-16 -1.37012 0.16595 0.829752 0.000153436 0.00414405 0 0 
-3.19458 9.16115e+25 6.15072e-18 1.50077e-16 -1.36054 0.165959 0.829794 0.000159943 0.00408734 0 0 
-3.18075 9.22879e+25 6.10819e-18 1.46992e-16 -1.35103 0.165967 0.829835 0.000166727 0.0040314 0 0 
-3.16692 9.2969e+25 6.06595e-18 1.43971e-16 -1.34159 0.165975 0.829875 0.000173798 0.00397623 0 0 
-3.15309 9.36549e+25 6.02401e-18 1.41012e-16 -1.33221 0.165983 0.829914 0.000181169 0.0039218 0 0 
-3.13926 9.43455e+25 5.98236e-18 1.38113e-16 -1.3229 0.165991 0.829953 0.000188852 0.00386812 0 0 
-3.12543 9.50409e+25 5.941e-18 1.35275e-16 -1.31365 0.165998 0.82999 0.000196861 0.00381516 0 0 
-3.1116 9.57412e+25 5.89993e-18 1.32495e-16 -1.30447 0.166005 0.830027 0.000205209 0.00376293 0 0 
-3.09777 9.64463e+25 5.85915e-18 1.29772e-16 -1.29535 0.166012 0.830062 0.000213911 0.00371141 0 0 
-3.08394 9.71564e+25 5.81866e-18 1.27105e-16 -1.2863 0.166019 0.830097 0.000222982 0.00366059 0 0 
-3.07011 9.78714e+25 5.77844e-18 1.24493e-16 -1.27731 0.166026 0.830131 0.000232437 0.00361046 0 0 
-3.05628 9.85914e+25 5.73851e-18 1.21934e-16 -1.26838 0.166033 0.830164 0.000242292 0.00356102 0 0 
-3.04245 9.93164e+25 5.69886e-18 1.19429e-16 -1.25952 0.166039 0.830196 0.000252566 0.00351225 0 0 
-3.02863 1.00046e+26 5.65948e-18 1.16975e-16 -1.25072 0.166045 0.830227 0.000263275 0.00346414 0 0 
-3.0148 1.00782e+26 5.62038e-18 1.14571e-16 -1.24198 0.166051 0.830257 0.000274437 0.00341669 0 0 
-3.00097 1.01522e+26 5.58155e-18 1.12217e-16 -1.2333 0.166057 0.830287 0.000286073 0.00336988 0 0 
-2.98714 1.02267e+26 5.543e-18 1.09911e-16 -1.22468 0.166063 0.830315 0.000298201 0.00332371 0 0 
-2.97331 1.03018e+26 5.50471e-18 1.07653e-16 -1.21611 0.166068 0.830342 0.000310843 0.00327817 0 0 
-2.95948 1.03773e+26 5.46669e-18 1.05441e-16 -1.20761 0.166074 0.830369 0.000324021 0.00323325 0 0 
-2.94565 1.04534e+26 5.42894e-18 1.03275e-16 -1.19917 0.166079 0.830394 0.000337757 0.00318894 0 0 
-2.93182 1.05301e+26 5.39145e-18 1.01153e-16 -1.19079 0.166084 0.830419 0.000352075 0.00314524 0 0 
-2.91799 1.06072e+26 5.35422e-18 9.90749e-17 -1.18246 0.166088 0.830442 0.000367 0.00310213 0 0 
-2.90416 1.06849e+26 5.31726e-18 9.70395e-17 -1.17419 0.166093 0.830465 0.000382556 0.00305961 0 0 
-2.89033 1.07632e+26 5.28055e-18 9.50461e-17 -1.16598 0.166097 0.830486 0.000398772 0.00301766 0 0 
-2.8765 1.0842e+26 5.2441e-18 9.30936e-17 -1.15783 0.166101 0.830507 0.000415675 0.00297629 0 0 
-2.86267 1.09213e+26 5.2079e-18 9.11813e-17 -1.14973 0.166105 0.830526 0.000433293 0.00293548 0 0 
-2.84884 1.10012e+26 5.17195e-18 8.93083e-17 -1.14168 0.166109 0.830544 0.000451657 0.00289523 0 0 
-2.83501 1.10816e+26 5.13626e-18 8.74739e-17 -1.13369 0.166112 0.830561 0.0004708 0.00285553 0 0 
-2.82119 1.11626e+26 5.10082e-18 8.56772e-17 -1.12576 0.166115 0.830577 0.000490752 0.00281636 0 0 
-2.80736 1.12442e+26 5.06563e-18 8.39175e-17 -1.11788 0.166118 0.830592 0.00051155 0.00277773 0 0 
-2.79353 1.13263e+26 5.03068e-18 8.21939e-17 -1.11005 0.166121 0.830606 0.000533229 0.00273963 0 0 
-2.7797 1.1409e+26 4.99598e-18 8.05059e-17 -1.10228 0.166124 0.830618 0.000555825 0.00270204 0 0 
-2.76587 1.14923e+26 4.96152e-18 7.88525e-17 -1.09456 0.166126 0.83063 0.000579378 0.00266497 0 0 
-2.75204 1.15761e+26 4.9273e-18 7.72332e-17 -1.08689 0.166128 0.83064 0.000603928 0.0026284 0 0 
-2.73821 1.16606e+26 4.89332e-18 7.56472e-17 -1.07927 0.16613 0.830648 0.000629517 0.00259233 0 0 
-2.72438 1.17456e+26 4.85958e-18 7.40938e-17 -1.07171 0.166131 0.830656 0.00065619 0.00255675 0 0 
-2.71055 1.18312e+26 4.82607e-18 7.25723e-17 -1.06419 0.166132 0.830662 0.000683992 0.00252165 0 0 
-2.69672 1.19174e+26 4.7928e-18 7.10822e-17 -1.05673 0.166133 0.830667 0.00071297 0.00248703 0 0 
-2.68289 1.20042e+26 4.75977e-18 6.96227e-17 -1.04931 0.166134 0.83067 0.000743175 0.00245288 0 0 
-2.66906 1.20916e+26 4.72696e-18 6.81933e-17 -1.04195 0.166134 0.830672 0.000774658 0.0024192 0 0 
-2.65523 1.21796e+26 4.69439e-18 6.67932e-17 -1.03463 0.166134 0.830672 0.000807473 0.00238597 0 0 
-2.6414 1.22683e+26 4.66205e-18 6.5422e-17 -1.02736 0.166134 0.830671 0.000841677 0.0023532 0 0 
-2.62757 1.23575e+26 4.62993e-18 6.4079e-17 -1.02014 0.166134 0.830668 0.000877328 0.00232088 0 0 
-2.61375 1.24474e+26 4.59804e-18 6.27636e-17 -1.01297 0.166133 0.830664 0.000914488 0.00228899 0 0 
-2.59992 1.25378e+26 4.56637e-18 6.14752e-17 -1.00585 0.166132 0.830658 0.000953219 0.00225753 0 0 
-2.58609 1.26289e+26 4.53492e-18 6.02134e-17 -0.998769 0.16613 0.83065 0.000993589 0.00222651 0 0 
-2.57226 1.27207e+26 4.5037e-18 5.89775e-17 -0.991736 0.166128 0.83064 0.00103567 0.0021959 0 0 
-2.55843 1.28131e+26 4.4727e-18 5.77671e-17 -0.98475 0.166126 0.830629 0.00107952 0.00216571 0 0 
-2.5446 1.29061e+26 4.44191e-18 5.65816e-17 -0.977808 0.166123 0.830616 0.00112523 0.00213594 0 0 
-2.53077 1.29997e+26 4.41134e-18 5.54205e-17 -0.970912 0.16612 0.8306 0.00117288 0.00210656 0 0 
-2.51694 1.3094e+26 4.38099e-18 5.42832e-17 -0.96406 0.166117 0.830583 0.00122254 0.00207759 0 0 
-2.50311 1.3189e+26 4.35085e-18 5.31694e-17 -0.957251 0.166113 0.830564 0.00127429 0.00204901 0 0 
-2.48928 1.32846e+26 4.32093e-18 5.20785e-17 -0.950486 0.166108 0.830542 0.00132824 0.00202081 0 0 
-2.47545 1.33809e+26 4.29122e-18 5.101e-17 -0.943764 0.166104 0.830519 0.00138447 0.001993 0 0 
-2.46162 1.34778e+26 4.26171e-18 4.99635e-17 -0.937085 0.166099 0.830493 0.00144307 0.00196557 0 0 
-2.44779 1.35755e+26 4.23242e-18 4.89386e-17 -0.930447 0.166093 0.830464 0.00150415 0.00193851 0 0 
-2.43396 1.36738e+26 4.20333e-18 4.79348e-17 -0.923851 0.166087 0.830434 0.0015678 0.00191181 0 0 
-2.42013 1.37727e+26 4.17445e-18 4.69516e-17 -0.917296 0.16608 0.8304 0.00163415 0.00188548 0 0 
-2.40631 1.38724e+26 4.14577e-18 4.59887e-17 -0.910782 0.166073 0.830364 0.0017033 0.0018595 0 0 
-2.39248 1.39727e+26 4.1173e-18 4.50455e-17 -0.904307 0.166065 0.830326 0.00177537 0.00183388 0 0 
-2.37865 1.40738e+26 4.08903e-18 4.41218e-17 -0.897872 0.166057 0.830284 0.00185049 0.0018086 0 0 
-2.36482 1.41755e+26 4.06097e-18 4.32172e-17 -0.891477 0.166048 0.83024 0.00192877 0.00178367 0 0 
-2.35099 1.4278e+26 4.0331e-18 4.23311e-17 -0.88512 0.166038 0.830192 0.00201036 0.00175907 0 0 
-2.33716 1.43811e+26 4.00543e-18 4.14633e-17 -0.878801 0.166028 0.830142 0.00209539 0.0017348 0 0 
-2.32333 1.4485e+26 3.97796e-18 4.06134e-17 -0.872519 0.166018 0.830088 0.00218401 0.00171087 0 0 
-2.3095 1.45896e+26 3.95068e-18 3.97809e-17 -0.866275 0.166006 0.83003 0.00227637 0.00168725 0 0 
-2.29567 1.46949e+26 3.9236e-18 3.89656e-17 -0.860067 0.165994 0.82997 0.00237263 0.00166396 0 0 
-2.28184 1.48009e+26 3.89672e-18 3.81672e-17 -0.853896 0.165981 0.829905 0.00247294 0.00164098 0 0 
-2.26801 1.49077e+26 3.87002e-18 3.73851e-17 -0.847759 0.165967 0.829837 0.00257748 0.00161831 0 0 
-2.25418 1.50152e+26 3.84352e-18 3.66192e-17 -0.841658 0.165953 0.829765 0.00268643 0.00159594 0 0 
-2.24035 1.51234e+26 3.81721e-18 3.5869e-17 -0.835592 0.165938 0.829688 0.00279998 0.00157388 0 0 
-2.22652 1.52324e+26 3.79109e-18 3.51343e-17 -0.82956 0.165922 0.829608 0.0029183 0.00155211 0 0 
-2.21269 1.53421e+26 3.76516e-18 3.44148e-17 -0.823561 0.165905 0.829523 0.00304161 0.00153064 0 0 
-2.19887 1.54526e+26 3.73942e-18 3.371e-17 -0.817594 0.165887 0.829434 0.00317011 0.00150945 0 0 
-2.18504 1.55639e+26 3.71386e-18 3.30198e-17 -0.811661 0.165868 0.82934 0.00330403 0.00148855 0 0 
-2.17121 1.56759e+26 3.68849e-18 3.23438e-17 -0.805759 0.165848 0.82924 0.00344358 0.00146793 0 0 
-2.15738 1.57887e+26 3.6633e-18 3.16818e-17 -0.799888 0.165827 0.829136 0.003589 0.00144759 0 0 
-2.14355 1.59022e+26 3.6383e-18 3.10334e-17 -0.794048 0.165805 0.829027 0.00374053 0.00142752 0 0 
-2.12972 1.60166e+26 3.61348e-18 3.03984e-17 -0.788238 0.165782 0.828912 0.00389845 0.00140772 0 0 
-2.11589 1.61317e+26 3.58884e-18 2.97765e-17 -0.782458 0.165758 0.828791 0.00406299 0.00138818 0 0 
-2.10206 1.62476e+26 3.56439e-18 2.91674e-17 -0.776706 0.165733 0.828664 0.00423446 0.00136891 0 0 
-2.08823 1.63643e+26 3.54011e-18 2.85709e-17 -0.770983 0.165706 0.828531 0.00441312 0.00134989 0 0 
-2.0744 1.64819e+26 3.51601e-18 2.79867e-17 -0.765287 0.165678 0.828391 0.00459929 0.00133113 0 0 
-2.06057 1.66002e+26 3.49209e-18 2.74145e-17 -0.759619 0.165649 0.828245 0.00479327 0.00131261 0 0 
-2.04674 1.67193e+26 3.46835e-18 2.68542e-17 -0.753977 0.165618 0.828092 0.0049954 0.00129435 0 0 
-2.03291 1.68393e+26 3.44478e-18 2.63054e-17 -0.74836 0.165586 0.827931 0.00520599 0.00127632 0 0 
-2.01908 1.696e+26 3.42139e-18 2.57679e-17 -0.742769 0.165553 0.827763 0.00542542 0.00125854 0 0 
-2.00525 1.70816e+26 3.39818e-18 2.52416e-17 -0.737202 0.165517 0.827587 0.00565405 0.00124099 0 0 
-1.99142 1.7204e+26 3.37514e-18 2.47261e-17 -0.731659 0.165481 0.827403 0.00589224 0.00122367 0 0 
-1.9776 1.73273e+26 3.35227e-18 2.42213e-17 -0.726139 0.165442 0.827211 0.00614041 0.00120659 0 0 
-1.96377 1.74514e+26 3.32957e-18 2.37269e-17 -0.720642 0.165402 0.827009 0.00639897 0.00118972 0 0 
-1.94994 1.75763e+26 3.30705e-18 2.32428e-17 -0.715166 0.16536 0.826799 0.00666833 0.00117309 0 0 
-1.93611 1.77021e+26 3.2847e-18 2.27686e-17 -0.709711 0.165316 0.826579 0.00694896 0.00115667 0 0 
-1.92228 1.78288e+26 3.26252e-18 2.23043e-17 -0.704277 0.16527 0.826349 0.0072413 0.00114046 0 0 
-1.90845 1.79563e+26 3.24051e-18 2.18495e-17 -0.698861 0.165222 0.826108 0.00754585 0.00112447 0 0 
-1.89462 1.80846e+26 3.21867e-18 2.14042e-17 -0.693465 0.165171 0.825857 0.00786311 0.00110869 0 0 
-1.88079 1.82139e+26 3.197e-18 2.09681e-17 -0.688086 0.165119 0.825594 0.00819359 0.00109312 0 0 
-1.86696 1.8344e+26 3.1755e-18 2.0541e-17 -0.682724 0.165064 0.82532 0.00853784 0.00107775 0 0 
-1.85313 1.8475e+26 3.15416e-18 2.01228e-17 -0.677379 0.165007 0.825034 0.00889643 0.00106258 0 0 
-1.8393 1.86069e+26 3.13299e-18 1.97133e-17 -0.672049 0.164947 0.824735 0.00926993 0.0010476 0 0 
-1.82547 1.87397e+26 3.11199e-18 1.93122e-17 -0.666734 0.164885 0.824424 0.00965895 0.00103282 0 0 
-1.81164 1.88734e+26 3.09116e-18 1.89194e-17 -0.661432 0.16482 0.824098 0.0100641 0.00101824 0 0 
-1.79781 1.90079e+26 3.07049e-18 1.85348e-17 -0.656143 0.164752 0.823758 0.0104861 0.00100384 0 0 
-1.78398 1.91434e+26 3.04999e-18 1.81582e-17 -0.650866 0.164681 0.823404 0.0109256 0.000989625 0 0 
-1.77016 1.92798e+26 3.02965e-18 1.77894e-17 -0.6456 0.164607 0.823034 0.0113833 0.000975595 0 0 
-1.75633 1.94171e+26 3.00948e-18 1.74283e-17 -0.640344 0.16453 0.822649 0.01186 0.000961746 0 0 
-1.7425 1.95553e+26 2.98947e-18 1.70746e-17 -0.635097 0.164449 0.822246 0.0123563 0.000948073 0 0 
-1.72867 1.96945e+26 2.96963e-18 1.67284e-17 -0.629858 0.164365 0.821827 0.0128732 0.000934575 0 0 
-1.71484 1.98345e+26 2.94995e-18 1.63893e-17 -0.624626 0.164278 0.821389 0.0134114 0.000921249 0 0 
-1.70101 1.99756e+26 2.93044e-18 1.60573e-17 -0.619399 0.164187 0.820933 0.0139717 0.000908092 0 0 
-1.68718 2.01175e+26 2.91109e-18 1.57322e-17 -0.614178 0.164092 0.820458 0.0145551 0.000895101 0 0 
-1.67335 2.02604e+26 2.8919e-18 1.54138e-17 -0.608961 0.163993 0.819963 0.0151625 0.000882275 0 0 
-1.65952 2.04042e+26 2.87288e-18 1.51021e-17 -0.603746 0.163889 0.819446 0.0157949 0.00086961 0 0 
-1.64569 2.0549e+26 2.85402e-18 1.47969e-17 -0.598532 0.163782 0.818908 0.0164532 0.000857103 0 0 
-1.63186 2.06948e+26 2.83533e-18 1.44981e-17 -0.593319 0.163669 0.818347 0.0171384 0.000844753 0 0 
-1.61803 2.08415e+26 2.81679e-18 1.42055e-17 -0.588105 0.163553 0.817763 0.0178516 0.000832556 0 0 
-1.6042 2.09891e+26 2.79843e-18 1.39191e-17 -0.582889 0.163431 0.817155 0.018594 0.00082051 0 0 
-1.59037 2.11378e+26 2.78022e-18 1.36386e-17 -0.577669 0.163304 0.816521 0.0193666 0.000808613 0 0 
-1.57654 2.12874e+26 2.76218e-18 1.3364e-17 -0.572445 0.163172 0.81586 0.0201706 0.000796863 0 0 
-1.56272 2.1438e+26 2.7443e-18 1.30952e-17 -0.567215 0.163035 0.815173 0.0210074 0.000785256 0 0 
-1.54889 2.15895e+26 2.72659e-18 1.28319e-17 -0.561977 0.162891 0.814457 0.021878 0.000773791 0 0 
-1.53506 2.17421e+26 2.70904e-18 1.25743e-17 -0.556731 0.162742 0.813711 0.0227839 0.000762465 0 0 
-1.52123 2.18956e+26 2.69166e-18 1.2322e-17 -0.551474 0.162587 0.812935 0.0237264 0.000751276 0 0 
-1.5074 2.20501e+26 2.67444e-18 1.2075e-17 -0.546206 0.162425 0.812127 0.0247069 0.000740222 0 0 
-1.49357 2.22057e+26 2.65739e-18 1.18332e-17 -0.540925 0.162257 0.811287 0.0257268 0.0007293 0 0 
-1.47974 2.23622e+26 2.6405e-18 1.15965e-17 -0.535629 0.162082 0.810411 0.0267877 0.000718508 0 0 
-1.46591 2.25197e+26 2.62378e-18 1.13649e-17 -0.530317 0.1619 0.809501 0.0278911 0.000707843 0 0 
-1.45208 2.26782e+26 2.60722e-18 1.1138e-17 -0.524987 0.161711 0.808553 0.0290385 0.000697304 0 0 
-1.43825 2.28377e+26 2.59084e-18 1.0916e-17 -0.519637 0.161514 0.807568 0.0302317 0.000686889 0 0 
-1.42442 2.29982e+26 2.57462e-18 1.06987e-17 -0.514267 0.161309 0.806543 0.0314724 0.000676595 0 0 
-1.41059 2.31598e+26 2.55857e-18 1.0486e-17 -0.508873 0.161095 0.805476 0.0327622 0.000666421 0 0 
-1.39676 2.33223e+26 2.54269e-18 1.02778e-17 -0.503455 0.160873 0.804367 0.034103 0.000656363 0 0 
-1.38293 2.34859e+26 2.52698e-18 1.0074e-17 -0.49801 0.160643 0.803214 0.0354967 0.00064642 0 0 
-1.3691 2.36505e+26 2.51144e-18 9.87457e-18 -0.492537 0.160403 0.802015 0.0369451 0.000636591 0 0 
-1.35528 2.38161e+26 2.49608e-18 9.67936e-18 -0.487034 0.160154 0.800769 0.0384503 0.000626872 0 0 
-1.34145 2.39827e+26 2.48089e-18 9.48832e-18 -0.481499 0.159895 0.799474 0.0400142 0.000617262 0 0 
-1.32762 2.41503e+26 2.46587e-18 9.30135e-18 -0.47593 0.159626 0.798128 0.041639 0.00060776 0 0 
-1.31379 2.43189e+26 2.45102e-18 9.11839e-18 -0.470324 0.159346 0.796729 0.0433268 0.000598362 0 0 
-1.29996 2.44886e+26 2.43636e-18 8.93934e-18 -0.464681 0.159055 0.795276 0.0450798 0.000589068 0 0 
-1.28613 2.46593e+26 2.42187e-18 8.76413e-18 -0.458997 0.158753 0.793767 0.0469002 0.000579875 0 0 
-1.2723 2.4831e+26 2.40756e-18 8.59269e-18 -0.453272 0.15844 0.792199 0.0487904 0.000570782 0 0 
-1.25847 2.50037e+26 2.39343e-18 8.42494e-18 -0.447501 0.158114 0.790571 0.0507527 0.000561786 0 0 
-1.24464 2.51774e+26 2.37948e-18 8.26081e-18 -0.441684 0.157776 0.788881 0.0527896 0.000552886 0 0 
-1.23081 2.53521e+26 2.36571e-18 8.10022e-18 -0.435818 0.157425 0.787127 0.0549034 0.00054408 0 0 
-1.21698 2.55279e+26 2.35213e-18 7.94311e-18 -0.4299 0.157061 0.785307 0.0570968 0.000535366 0 0 
-1.20315 2.57047e+26 2.33874e-18 7.78941e-18 -0.423929 0.156683 0.783417 0.0593723 0.000526743 0 0 
-1.18932 2.58825e+26 2.32554e-18 7.63905e-18 -0.417902 0.156292 0.781458 0.0617325 0.000518209 0 0 
-1.17549 2.60612e+26 2.31252e-18 7.49197e-18 -0.411816 0.155885 0.779425 0.0641802 0.000509763 0 0 
-1.16166 2.6241e+26 2.2997e-18 7.3481e-18 -0.405669 0.155463 0.777317 0.066718 0.000501402 0 0 
-1.14784 2.64218e+26 2.28707e-18 7.20738e-18 -0.399459 0.155026 0.775132 0.0693487 0.000493125 0 0 
-1.13401 2.66036e+26 2.27463e-18 7.06975e-18 -0.393182 0.154573 0.772867 0.0720751 0.000484931 0 0 
-1.12018 2.67863e+26 2.2624e-18 6.93514e-18 -0.386837 0.154104 0.770519 0.0749 0.000476818 0 0 
-1.10635 2.69701e+26 2.25036e-18 6.80351e-18 -0.380421 0.153617 0.768087 0.0778264 0.000468785 0 0 
-1.09252 2.71548e+26 2.23853e-18 6.67478e-18 -0.373931 0.153114 0.765568 0.0808572 0.000460831 0 0 
-1.07869 2.73405e+26 2.2269e-18 6.54891e-18 -0.367364 0.152592 0.76296 0.0839952 0.000452953 0 0 
-1.06486 2.75272e+26 2.21548e-18 6.42585e-18 -0.360717 0.152052 0.76026 0.0872434 0.000445151 0 0 
-1.05103 2.77148e+26 2.20427e-18 6.30552e-18 -0.353989 0.151493 0.757465 0.0906048 0.000437423 0 0 
-1.0372 2.79033e+26 2.19327e-18 6.18789e-18 -0.347176 0.150915 0.754573 0.0940823 0.000429769 0 0 
-1.02337 2.80928e+26 2.18249e-18 6.0729e-18 -0.340275 0.150316 0.751582 0.097679 0.000422186 0 0 
-1.00954 2.82832e+26 2.17192e-18 5.96049e-18 -0.333283 0.149698 0.74849 0.101398 0.000414674 0 0 
-0.995712 2.84746e+26 2.16157e-18 5.85063e-18 -0.326198 0.149059 0.745293 0.105242 0.000407232 0 0 
-0.981883 2.86668e+26 2.15145e-18 5.74326e-18 -0.319017 0.148398 0.741989 0.109213 0.000399859 0 0 
-0.968054 2.886e+26 2.14156e-18 5.63833e-18 -0.311737 0.147715 0.738576 0.113316 0.000392553 0 0 
-0.954224 2.9054e+26 2.13189e-18 5.5358e-18 -0.304355 0.14701 0.735052 0.117553 0.000385315 0 0 
-0.940395 2.92489e+26 2.12246e-18 5.43561e-18 -0.296868 0.146283 0.731413 0.121926 0.000378142 0 0 
-0.926566 2.94447e+26 2.11327e-18 5.33774e-18 -0.289273 0.145532 0.727659 0.126438 0.000371034 0 0 
-0.912736 2.96413e+26 2.10431e-18 5.24212e-18 -0.281568 0.144757 0.723786 0.131093 0.00036399 0 0 
-0.898907 2.98387e+26 2.0956e-18 5.14872e-18 -0.273749 0.143958 0.719792 0.135892 0.00035701 0 0 
-0.885078 3.0037e+26 2.08714e-18 5.0575e-18 -0.265814 0.143135 0.715676 0.140839 0.000350093 0 0 
-0.871248 3.0236e+26 2.07893e-18 4.96841e-18 -0.257759 0.142287 0.711435 0.145935 0.000343239 0 0 
-0.857419 3.04358e+26 2.07097e-18 4.88141e-18 -0.249583 0.141413 0.707067 0.151183 0.000336447 0 0 
-0.84359 3.06364e+26 2.06327e-18 4.79647e-18 -0.241282 0.140514 0.702571 0.156585 0.000329716 0 0 
-0.82976 3.08377e+26 2.05583e-18 4.71354e-18 -0.232854 0.139589 0.697945 0.162143 0.000323046 0 0 
-0.815931 3.10397e+26 2.04866e-18 4.63259e-18 -0.224295 0.138637 0.693187 0.167859 0.000316437 0 0 
-0.802102 3.12424e+26 2.04176e-18 4.55358e-18 -0.215604 0.137659 0.688296 0.173735 0.000309889 0 0 
-0.788272 3.14458e+26 2.03513e-18 4.47646e-18 -0.206777 0.136654 0.68327 0.179773 0.000303402 0 0 
-0.774443 3.16499e+26 2.02878e-18 4.40121e-18 -0.197813 0.135622 0.678109 0.185972 0.000296974 0 0 
-0.760614 3.18545e+26 2.02272e-18 4.32779e-18 -0.188708 0.134562 0.672811 0.192336 0.000290607 0 0 
-0.746784 3.20598e+26 2.01695e-18 4.25617e-18 -0.17946 0.133475 0.667376 0.198864 0.000284301 0 0 
-0.732955 3.22656e+26 2.01146e-18 4.1863e-18 -0.170067 0.132361 0.661804 0.205557 0.000278055 0 0 
-0.719126 3.2472e+26 2.00628e-18 4.11816e-18 -0.160527 0.131219 0.656094 0.212416 0.00027187 0 0 
-0.705296 3.26789e+26 2.00139e-18 4.05171e-18 -0.150838 0.130049 0.650245 0.21944 0.000265746 0 0 
-0.691467 3.28863e+26 1.99681e-18 3.98692e-18 -0.140998 0.128852 0.644259 0.22663 0.000259683 0 0 
-0.677638 3.30941e+26 1.99255e-18 3.92376e-18 -0.131004 0.127627 0.638135 0.233985 0.000253682 0 0 
-0.663808 3.33024e+26 1.9886e-18 3.8622e-18 -0.120855 0.126375 0.631874 0.241504 0.000247743 0 0 
-0.649979 3.35111e+26 1.98497e-18 3.8022e-18 -0.110549 0.125095 0.625477 0.249185 0.000241867 0 0 
-0.63615 3.37201e+26 1.98166e-18 3.74374e-18 -0.100085 0.123789 0.618946 0.257029 0.000236054 0 0 
-0.62232 3.39295e+26 1.97869e-18 3.68678e-18 -0.0894619 0.122456 0.612281 0.265032 0.000230306 0 0 
-0.608491 3.41392e+26 1.97605e-18 3.6313e-18 -0.0786774 0.121097 0.605486 0.273193 0.000224621 0 0 
-0.594662 3.43491e+26 1.97375e-18 3.57726e-18 -0.0677309 0.119712 0.598561 0.281508 0.000219003 0 0 
-0.580832 3.45593e+26 1.9718e-18 3.52464e-18 -0.0566213 0.118302 0.591509 0.289976 0.00021345 0 0 
-0.567003 3.47696e+26 1.9702e-18 3.47342e-18 -0.0453477 0.116867 0.584333 0.298593 0.000207965 0 0 
-0.553174 3.49801e+26 1.96896e-18 3.42355e-18 -0.0339096 0.115407 0.577036 0.307355 0.000202547 0 0 
-0.539344 3.51908e+26 1.96808e-18 3.37502e-18 -0.0223064 0.113924 0.569621 0.316258 0.000197198 0 0 
-0.525515 3.54015e+26 1.96756e-18 3.32779e-18 -0.0105376 0.112418 0.562092 0.325298 0.000191919 0 0 
-0.511686 3.56123e+26 1.96742e-18 3.28185e-18 0.00139687 0.110891 0.554453 0.334469 0.000186711 0 0 
-0.497856 3.5823e+26 1.96765e-18 3.23716e-18 0.0134971 0.109342 0.546709 0.343768 0.000181575 0 0 
-0.484027 3.60337e+26 1.96826e-18 3.1937e-18 0.0257631 0.107773 0.538863 0.353188 0.000176511 0 0 
-0.470198 3.62443e+26 1.96927e-18 3.15144e-18 0.0381945 0.106184 0.530921 0.362723 0.000171521 0 0 
-0.456368 3.64548e+26 1.97066e-18 3.11036e-18 0.0507909 0.104578 0.522888 0.372368 0.000166606 0 0 
-0.442539 3.6665e+26 1.97246e-18 3.07043e-18 0.0635518 0.102954 0.514769 0.382115 0.000161766 0 0 
-0.42871 3.6875e+26 1.97465e-18 3.03163e-18 0.0764764 0.101314 0.506571 0.391958 0.000157004 0 0 
-0.41488 3.70848e+26 1.97726e-18 2.99394e-18 0.0895639 0.0996597 0.498298 0.40189 0.000152319 0 0 
-0.401051 3.72942e+26 1.98027e-18 2.95733e-18 0.102813 0.0979916 0.489958 0.411903 0.000147712 0 0 
-0.387222 3.75033e+26 1.98371e-18 2.92177e-18 0.116223 0.0963113 0.481557 0.421989 0.000143185 0 0 
-0.373392 3.7712e+26 1.98757e-18 2.88725e-18 0.129793 0.0946201 0.473101 0.432141 0.000138739 0 0 
-0.359563 3.79203e+26 1.99185e-18 2.85374e-18 0.143521 0.0929193 0.464597 0.44235 0.000134374 0 0 
-0.345733 3.81281e+26 1.99657e-18 2.82121e-18 0.157405 0.0912104 0.456052 0.452608 0.000130091 0 0 
-0.331904 3.83355e+26 2.00173e-18 2.78965e-18 0.171444 0.0894947 0.447473 0.462906 0.000125891 0 0 
-0.318075 3.85423e+26 2.00733e-18 2.75904e-18 0.185637 0.0877737 0.438868 0.473236 0.000121774 0 0 
-0.304245 3.87487e+26 2.01338e-18 2.72934e-18 0.199981 0.0860488 0.430244 0.483589 0.000117742 0 0 
-0.290416 3.89544e+26 2.01988e-18 2.70055e-18 0.214474 0.0843216 0.421608 0.493956 0.000113794 0 0 
-0.276587 3.91596e+26 2.02684e-18 2.67263e-18 0.229116 0.0825935 0.412968 0.504329 0.000109931 0 0 
-0.262757 3.93641e+26 2.03426e-18 2.64558e-18 0.243903 0.0808661 0.40433 0.514697 0.000106153 0 0 
-0.248928 3.95679e+26 2.04215e-18 2.61936e-18 0.258834 0.0791407 0.395703 0.525053 0.000102462 0 0 
-0.235099 3.97709e+26 2.0505e-18 2.59395e-18 0.273906 0.0774189 0.387094 0.535388 9.88558e-05 0 0 
-0.221269 3.9973e+26 2.05933e-18 2.56935e-18 0.289118 0.0757021 0.37851 0.545692 9.5336e-05 0 0 
-0.20744 4.01741e+26 2.06864e-18 2.54552e-18 0.304468 0.0739918 0.369959 0.555957 9.19024e-05 0 0 
-0.193611 4.03742e+26 2.07844e-18 2.52244e-18 0.319953 0.0722894 0.361447 0.566175 8.85548e-05 0 0 
-0.179781 4.05731e+26 2.08872e-18 2.50011e-18 0.335572 0.0705964 0.352982 0.576337 8.5293e-05 0 0 
-0.165952 4.07708e+26 2.0995e-18 2.47849e-18 0.351322 0.068914 0.34457 0.586434 8.21169e-05 0 0 
-0.152123 4.09671e+26 2.11077e-18 2.45757e-18 0.367201 0.0672436 0.336218 0.596459 7.9026e-05 0 0 
-0.138293 4.1162e+26 2.12254e-18 2.43733e-18 0.383208 0.0655865 0.327933 0.606405 7.602e-05 0 0 
-0.124464 4.13555e+26 2.13481e-18 2.41776e-18 0.399341 0.063944 0.31972 0.616263 7.30983e-05 0 0 
-0.110635 4.15477e+26 2.14759e-18 2.39883e-18 0.415598 0.0623173 0.311586 0.626026 7.02602e-05 0 0 
-0.0968054 4.17387e+26 2.16089e-18 2.38054e-18 0.431977 0.0607074 0.303537 0.635688 6.75052e-05 0 0 
-0.082976 4.19286e+26 2.1747e-18 2.36285e-18 0.448476 0.0591156 0.295578 0.645241 6.48323e-05 0 0 
-0.0691467 4.21177e+26 2.18903e-18 2.34575e-18 0.465095 0.0575429 0.287714 0.654681 6.22407e-05 0 0 
-0.0553174 4.2306e+26 2.20388e-18 2.32923e-18 0.481832 0.0559902 0.279951 0.663999 5.97295e-05 0 0 
-0.041488 4.24937e+26 2.21926e-18 2.31327e-18 0.498686 0.0544584 0.272292 0.673192 5.72976e-05 0 0 
-0.0276587 4.2681e+26 2.23517e-18 2.29786e-18 0.515655 0.0529485 0.264743 0.682254 5.49438e-05 0 0 
-0.0138293 4.2868e+26 2.25162e-18 2.28297e-18 0.532738 0.0514613 0.257307 0.691179 5.26672e-05 0 0 
0 4.30549e+26 2.2686e-18 2.2686e-18 0.549936 0.05 0.25 0.7 5.04688e-05 2.0547e-81 0 
